Sample in Buffer	Sample in Window	instrAB	instrDB	dataAB_cpu	dataDBo_cpu	dataDBi_cpu	selector	wmode_cpu	finish	datarw_cpu	datareq_cpu	dataae_cpu	dataack_cpu	cancel_cpu	dataack_mem	datareq_mem	emode_cpu	dataack_ports(2)	datareq_ports(2)	enb
0	0	0000	00010420	00000	0000	00000000	7	0	1	0	0	0	0	0	0	0	0	0	0	0	
1	1	0000	00010420	00000	0000	00000000	7	0	0	0	0	0	0	0	0	0	0	0	0	0	
2	2	0000	00010420	00000	0000	00000000	7	0	0	0	0	0	0	0	0	0	0	0	0	0	
3	3	3000	84204081	03800	0000	00000000	7	0	0	0	0	0	0	0	0	0	0	0	0	0	
4	4	3004	0000040E	00000	0000	00000000	7	0	0	0	0	0	0	0	0	0	0	0	0	0	
5	5	3008	00000000	00000	0000	00000000	7	0	0	0	0	0	0	0	0	0	0	0	0	0	
6	6	300C	00000000	00000	0000	00000000	7	0	0	0	0	0	0	0	0	0	0	0	0	0	
7	7	0000	00010420	00000	0000	00000000	7	0	0	0	0	0	0	0	0	0	0	0	0	0	
8	8	0004	00008428	00000	0000	00000000	7	0	0	0	0	0	0	0	0	0	0	0	0	0	
9	9	0008	00008144	00000	0000	00000000	7	0	0	0	0	0	0	0	0	0	0	0	0	0	
10	10	000C	00000000	00001	0000	00000000	7	0	0	0	0	0	0	0	0	0	0	0	0	0	
11	11	0010	00000000	10000	0000	00000000	7	0	0	0	0	0	0	0	0	0	0	0	0	0	
12	12	0014	00000000	10000	0000	00000000	7	3	0	0	1	0	0	0	0	1	0	0	0	0	
13	13	0014	00000000	10000	0000	00000000	7	3	0	0	0	0	0	0	0	0	0	0	0	1	
14	14	0014	00000000	10000	0000	0000EFFC	7	3	0	0	0	0	0	0	0	0	0	0	0	1	
15	15	0014	00000000	10000	0000	0000EFFC	7	3	0	0	0	0	1	0	1	0	0	0	0	1	
16	16	0018	00000000	00000	0000	00000000	7	0	0	0	0	0	0	0	0	0	0	0	0	0	
17	17	001C	00000420	00000	0000	00000000	7	0	0	0	0	0	0	0	0	0	0	0	0	0	
18	18	0020	01CC8428	00000	0000	00000000	7	0	0	0	0	0	0	0	0	0	0	0	0	0	
19	19	0024	00042961	00000	0000	00000000	7	0	0	0	0	0	0	0	0	0	0	0	0	0	
20	20	0028	00001947	00000	0000	00000000	7	0	0	0	0	0	0	0	0	0	0	0	0	0	
21	21	002C	00000000	001CC	0000	00000000	7	0	0	0	0	0	0	0	0	0	0	0	0	0	
22	22	0030	00000000	0EFF8	0000	00000000	7	0	0	0	0	0	0	0	0	0	0	0	0	0	
23	23	0034	00000000	0EFF8	0000	0000EFFC	7	3	0	1	1	0	0	0	0	1	0	0	0	0	
24	24	0034	00000000	0EFF8	0000	0000EFFC	7	3	0	1	0	0	0	0	0	0	0	0	0	1	
25	25	0034	00000000	0EFF8	0000	0000EFFC	7	3	0	1	0	0	0	0	0	0	0	0	0	1	
26	26	0034	00000000	0EFF8	0000	0000EFFC	7	3	0	1	0	0	1	0	1	0	0	0	0	1	
27	27	0038	00000000	00000	0000	00000000	7	0	0	0	0	0	0	0	0	0	0	0	0	0	
28	28	003C	03000863	00000	0000	00000000	7	0	0	0	0	0	0	0	0	0	0	0	0	0	
29	29	0040	0000040F	00000	0000	00000000	7	0	0	0	0	0	0	0	0	0	0	0	0	0	
30	30	0044	000028C4	00000	0000	00000000	7	0	0	0	0	0	0	0	0	0	0	0	0	0	
31	31	0048	00000000	00308	0000	00000000	7	0	0	0	0	0	0	0	0	0	0	0	0	0	
32	32	01CC	FFFC1947	001CC	0000	00000000	7	0	0	0	0	0	0	0	0	0	0	0	0	0	
33	33	01D0	00000000	0EF58	0008	0000EFFC	7	3	0	0	0	0	0	0	0	0	0	0	0	0	
34	34	01D4	00000000	0EFF8	0000	0000EFFC	7	3	0	0	0	0	0	0	0	0	0	0	0	0	
35	35	01D8	00000000	0EFF4	0044	0000EFFC	7	3	0	1	1	0	0	0	0	1	0	0	0	0	
36	36	01D8	00000000	0EFF4	0044	0000EFFC	7	3	0	1	0	0	0	0	0	0	0	0	0	1	
37	37	01D8	00000000	0EFF4	0044	0000EFFC	7	3	0	1	0	0	0	0	0	0	0	0	0	1	
38	38	01D8	00000000	0EFF4	0044	0000EFFC	7	3	0	1	0	0	1	0	1	0	0	0	0	1	
39	39	01DC	00000000	00000	0000	00000000	7	0	0	0	0	0	0	0	0	0	0	0	0	0	
40	40	01E0	FFF82147	00000	0000	00000000	7	0	0	0	0	0	0	0	0	0	0	0	0	0	
41	41	01E4	00000000	00000	0000	00000000	7	0	0	0	0	0	0	0	0	0	0	0	0	0	
42	42	01E8	00000000	00000	0000	00000000	7	0	0	0	0	0	0	0	0	0	0	0	0	0	
43	43	01EC	00000000	0EFF0	0000	0000EFFC	7	3	0	1	1	0	0	0	0	1	0	0	0	0	
44	44	01EC	00000000	0EFF0	0000	0000EFFC	7	3	0	1	0	0	0	0	0	0	0	0	0	1	
45	45	01EC	00000000	0EFF0	0000	0000EFFC	7	3	0	1	0	0	0	0	0	0	0	0	0	1	
46	46	01EC	00000000	0EFF0	0000	0000EFFC	7	3	0	1	0	0	1	0	1	0	0	0	0	1	
47	47	01F0	00000000	00000	0000	00000000	7	0	0	0	0	0	0	0	0	0	0	0	0	0	
48	48	01F4	FFF82920	00000	0000	00000000	7	0	0	0	0	0	0	0	0	0	0	0	0	0	
49	49	01F8	FFD82960	00000	0000	00000000	7	0	0	0	0	0	0	0	0	0	0	0	0	0	
50	50	01FC	00010220	00000	0000	00000000	7	0	0	0	0	0	0	0	0	0	0	0	0	0	
51	51	0200	00044228	0EFF0	0000	00000000	7	0	0	0	0	0	0	0	0	0	0	0	0	0	
52	52	0204	FFFF960C	0EFD0	0000	00000000	7	0	0	0	0	0	0	0	0	0	0	0	0	0	
53	53	0208	000001A0	00001	0000	00000000	7	0	0	0	0	0	0	0	0	0	0	0	0	0	
54	54	020C	000420C4	10004	0000	00000000	7	0	0	0	0	0	0	0	0	0	0	0	0	0	
55	55	0060	FFFC1947	00060	0000	00000000	7	0	0	0	0	0	0	0	0	0	0	0	0	0	
56	56	0064	00000000	00000	0000	00000000	7	0	0	0	0	0	0	0	0	0	0	0	0	0	
57	57	0068	00000000	00000	0000	00000000	7	0	0	0	0	0	0	0	0	0	0	0	0	0	
58	58	006C	00000000	0EFCC	0208	0000EFFC	7	3	0	1	1	0	0	0	0	1	0	0	0	0	
59	59	006C	00000000	0EFCC	0208	0000EFFC	7	3	0	1	0	0	0	0	0	0	0	0	0	1	
60	60	006C	00000000	0EFCC	0208	0000EFFC	7	3	0	1	0	0	0	0	0	0	0	0	0	1	
61	61	006C	00000000	0EFCC	0208	0000EFFC	7	3	0	1	0	0	1	0	1	0	0	0	0	1	
62	62	0070	00000000	00000	0000	00000000	7	0	0	0	0	0	0	0	0	0	0	0	0	0	
63	63	0074	FFF82147	00000	0000	00000000	7	0	0	0	0	0	0	0	0	0	0	0	0	0	
64	64	0078	00000000	00000	0000	00000000	7	0	0	0	0	0	0	0	0	0	0	0	0	0	
65	65	007C	00000000	00000	0000	00000000	7	0	0	0	0	0	0	0	0	0	0	0	0	0	
66	66	0080	00000000	0EFC8	EFF0	0000EFFC	7	3	0	1	1	0	0	0	0	1	0	0	0	0	
67	67	0080	00000000	0EFC8	EFF0	0000EFFC	7	3	0	1	0	0	0	0	0	0	0	0	0	1	
68	68	0080	00000000	0EFC8	EFF0	0000EFFC	7	3	0	1	0	0	0	0	0	0	0	0	0	1	
69	69	0080	00000000	0EFC8	EFF0	0000EFFC	7	3	0	1	0	0	1	0	1	0	0	0	0	1	
70	70	0084	00000000	00000	0000	00000000	7	0	0	0	0	0	0	0	0	0	0	0	0	0	
71	71	0088	FFF82920	00000	0000	00000000	7	0	0	0	0	0	0	0	0	0	0	0	0	0	
72	72	008C	FFF42960	00000	0000	00000000	7	0	0	0	0	0	0	0	0	0	0	0	0	0	
73	73	0090	00084107	00000	0000	00000000	7	0	0	0	0	0	0	0	0	0	0	0	0	0	
74	74	0094	00000000	0EFC8	0000	00000000	7	0	0	0	0	0	0	0	0	0	0	0	0	0	
75	75	0098	00000000	0EFC4	0000	00000000	7	0	0	0	0	0	0	0	0	0	0	0	0	0	
76	76	009C	00000000	0EFD0	0004	0000EFFC	7	3	0	1	1	0	0	0	0	1	0	0	0	0	
77	77	009C	00000000	0EFD0	0004	0000EFFC	7	3	0	1	0	0	0	0	0	0	0	0	0	1	
78	78	009C	00000000	0EFD0	0004	0000EFFC	7	3	0	1	0	0	0	0	0	0	0	0	0	1	
79	79	009C	00000000	0EFD0	0004	0000EFFC	7	3	0	1	0	0	1	0	1	0	0	0	0	1	
80	80	00A0	00000000	00000	0000	00000000	7	0	0	0	0	0	0	0	0	0	0	0	0	0	
81	81	00A4	010001A0	00000	0000	00000000	7	0	0	0	0	0	0	0	0	0	0	0	0	0	
82	82	00A8	000031A8	00000	0000	00000000	7	0	0	0	0	0	0	0	0	0	0	0	0	0	
83	83	00AC	FFFC3107	00000	0000	00000000	7	0	0	0	0	0	0	0	0	0	0	0	0	0	
84	84	00B0	00000000	00100	EFC8	00000000	7	0	0	0	0	0	0	0	0	0	0	0	0	0	
85	85	00B4	00000000	00000	0000	FFFFFFFF	2	0	0	0	0	0	0	0	0	0	0	0	0	0	
86	86	00B8	00000000	0EFC4	0000	0000EFFC	7	3	0	1	1	0	0	0	0	1	0	0	0	0	
87	87	00B8	00000000	0EFC4	0000	0000EFFC	7	3	0	1	0	0	0	0	0	0	0	0	0	1	
88	88	00B8	00000000	0EFC4	0000	0000EFFC	7	3	0	1	0	0	0	0	0	0	0	0	0	1	
89	89	00B8	00000000	0EFC4	0000	0000EFFC	7	3	0	1	0	0	1	0	1	0	0	0	0	1	
90	90	00BC	00000000	00000	0000	00000000	7	0	0	0	0	0	0	0	0	0	0	0	0	0	
91	91	00C0	0000240B	00000	0000	00000000	7	0	0	0	0	0	0	0	0	0	0	0	0	0	
92	92	00C4	00082184	00000	0000	00000000	7	0	0	0	0	0	0	0	0	0	0	0	0	0	
93	93	00C8	00000000	00000	0000	00000000	7	0	0	0	0	0	0	0	0	0	0	0	0	0	
94	94	0154	00082184	00154	0000	00000000	7	0	0	0	0	0	0	0	0	0	0	0	0	0	
95	95	0158	00000000	0EF50	0000	0000EFFC	7	3	0	0	0	0	0	0	0	0	0	0	0	0	
96	96	015C	00000000	0EFD0	0000	0000EFFC	7	3	0	0	0	0	0	0	0	0	0	0	0	0	
97	97	0160	00000000	0EFD0	0000	0000EFFC	7	3	0	0	1	0	0	0	0	1	0	0	0	0	
98	98	0160	00000000	0EFD0	0000	0000EFFC	7	3	0	0	0	0	0	0	0	0	0	0	0	1	
99	99	0160	00000000	0EFD0	0000	00010004	7	3	0	0	0	0	0	0	0	0	0	0	0	1	
100	100	0160	00000000	0EFD0	0000	00010004	7	3	0	0	0	0	1	0	1	0	0	0	0	1	
101	101	0164	00000000	00000	0000	00000000	7	0	0	0	0	0	0	0	0	0	0	0	0	0	
102	102	0168	00000000	00000	0000	00000000	7	0	0	0	0	0	0	0	0	0	0	0	0	0	
103	103	016C	00003182	00000	0000	00000000	7	0	0	0	0	0	0	0	0	0	0	0	0	0	
104	104	0170	00000000	00000	0000	00000000	7	0	0	0	0	0	0	0	0	0	0	0	0	0	
105	105	0174	00000000	00000	0000	00000000	7	0	0	0	0	0	0	0	0	0	0	0	0	0	
106	106	0178	00000000	10004	0000	FFFFFF00	7	0	0	0	1	0	0	0	0	1	1	0	0	0	
107	107	0178	00000000	10004	0000	FFFFFF00	7	0	0	0	0	0	0	0	0	0	1	0	0	1	
108	108	0178	00000000	10004	0000	FFFFFF54	7	0	0	0	0	0	0	0	0	0	1	0	0	1	
109	109	0178	00000000	10004	0000	FFFFFF54	7	0	0	0	0	0	1	0	1	0	1	0	0	1	
110	110	017C	00000000	00000	0000	00000054	7	0	0	0	0	0	0	0	0	0	0	0	0	0	
111	111	0180	00000000	00000	0000	00000054	7	0	0	0	0	0	0	0	0	0	0	0	0	0	
112	112	0184	00FF31E2	00000	0000	00000054	7	0	0	0	0	0	0	0	0	0	0	0	0	0	
113	113	0188	000001A0	00000	0000	00000054	7	0	0	0	0	0	0	0	0	0	0	0	0	0	
114	114	018C	398CC0C1	00000	0000	00000054	7	0	0	0	0	0	0	0	0	0	0	0	0	0	
115	115	0190	FF30300A	00054	0208	00000054	7	0	0	0	0	0	0	0	0	0	0	0	0	0	
116	116	0194	000001A0	00000	0000	00000054	7	0	0	0	0	0	0	0	0	0	0	0	0	0	
117	117	0198	00000000	00054	0000	00000054	7	0	0	0	0	0	0	0	0	0	0	0	0	0	
118	118	00C4	00082184	000C4	0000	00000054	7	0	0	0	0	0	0	0	0	0	0	0	0	0	
119	119	00C8	00000000	00000	0000	00000054	7	0	0	0	0	0	0	0	0	0	0	0	0	0	
120	120	00CC	00000000	00000	0000	00000054	7	0	0	0	0	0	0	0	0	0	0	0	0	0	
121	121	00D0	00000000	0EFD0	0000	54657374	7	3	0	0	1	0	0	0	0	1	0	0	0	0	
122	122	00D0	00000000	0EFD0	0000	54657374	7	3	0	0	0	0	0	0	0	0	0	0	0	1	
123	123	00D0	00000000	0EFD0	0000	00010004	7	3	0	0	0	0	0	0	0	0	0	0	0	1	
124	124	00D0	00000000	0EFD0	0000	00010004	7	3	0	0	0	0	1	0	1	0	0	0	0	1	
125	125	00D4	00000000	00000	0000	00000000	7	0	0	0	0	0	0	0	0	0	0	0	0	0	
126	126	00D8	00000000	00000	0000	00000000	7	0	0	0	0	0	0	0	0	0	0	0	0	0	
127	127	00DC	00003182	00000	0000	00000000	7	0	0	0	0	0	0	0	0	0	0	0	0	0	
128	128	00E0	00000000	00000	0000	00000000	7	0	0	0	0	0	0	0	0	0	0	0	0	0	
129	129	00E4	00000000	00000	0000	00000000	7	0	0	0	0	0	0	0	0	0	0	0	0	0	
130	130	00E8	00000000	10004	0000	FFFFFF00	7	0	0	0	1	0	0	0	0	1	1	0	0	0	
131	131	00E8	00000000	10004	0000	FFFFFF00	7	0	0	0	0	0	0	0	0	0	1	0	0	1	
132	132	00E8	00000000	10004	0000	FFFFFF54	7	0	0	0	0	0	0	0	0	0	1	0	0	1	
133	133	00E8	00000000	10004	0000	FFFFFF54	7	0	0	0	0	0	1	0	1	0	1	0	0	1	
134	134	00EC	00000000	00000	0000	00000054	7	0	0	0	0	0	0	0	0	0	0	0	0	0	
135	135	00F0	00000000	00000	0000	00000054	7	0	0	0	0	0	0	0	0	0	0	0	0	0	
136	136	00F4	00FF31E2	00000	0000	00000054	7	0	0	0	0	0	0	0	0	0	0	0	0	0	
137	137	00F8	FFFC2184	00000	0000	00000054	7	0	0	0	0	0	0	0	0	0	0	0	0	0	
138	138	00FC	00000000	00000	0000	00000054	7	0	0	0	0	0	0	0	0	0	0	0	0	0	
139	139	0100	00000000	00054	0208	00000054	7	0	0	0	0	0	0	0	0	0	0	0	0	0	
140	140	0104	00000000	0EFC4	0000	54657374	7	3	0	0	1	0	0	0	0	1	0	0	0	0	
141	141	0104	00000000	0EFC4	0000	54657374	7	3	0	0	0	0	0	0	0	0	0	0	0	1	
142	142	0104	00000000	0EFC4	0000	01000000	7	3	0	0	0	0	0	0	0	0	0	0	0	1	
143	143	0104	00000000	0EFC4	0000	01000000	7	3	0	0	0	0	1	0	1	0	0	0	0	1	
144	144	0108	00000000	00000	0000	00000001	7	0	0	0	0	0	0	0	0	0	0	0	0	0	
145	145	010C	00000000	00000	0000	00000001	7	0	0	0	0	0	0	0	0	0	0	0	0	0	
146	146	0110	00003987	00000	0000	00000001	7	0	0	0	0	0	0	0	0	0	0	0	0	0	
147	147	0114	00000000	00000	0000	00000001	7	0	0	0	0	0	0	0	0	0	0	0	0	0	
148	148	0118	00000000	00000	0000	00000001	7	0	0	0	0	0	0	0	0	0	0	0	0	0	
149	149	011C	00000000	00000	0054	FFFFFFFF	2	3	0	1	1	0	0	0	0	0	0	0	1	0	
150	150	011C	00000000	00000	0054	FFFFFFFF	2	3	0	1	0	0	0	0	0	0	0	0	0	0	
151	151	011C	00000000	00000	0054	FFFFFFFF	2	3	0	1	0	0	0	0	0	0	0	0	0	0	
152	152	011C	00000000	00000	0054	FFFFFFFF	2	3	0	1	0	0	0	0	0	0	0	0	0	0	
153	153	011C	00000000	00000	0054	FFFFFFFF	2	3	0	1	0	0	0	0	0	0	0	0	0	0	
154	154	011C	00000000	00000	0054	FFFFFFFF	2	3	0	1	0	0	0	0	0	0	0	0	0	0	
155	155	011C	00000000	00000	0054	FFFFFFFF	2	3	0	1	0	0	0	0	0	0	0	0	0	0	
156	156	011C	00000000	00000	0054	FFFFFFFF	2	3	0	1	0	0	0	0	0	0	0	0	0	0	
157	157	011C	00000000	00000	0054	FFFFFFFF	2	3	0	1	0	0	0	0	0	0	0	0	0	0	
158	158	011C	00000000	00000	0054	FFFFFFFF	2	3	0	1	0	0	0	0	0	0	0	0	0	0	
159	159	011C	00000000	00000	0054	FFFFFFFF	2	3	0	1	0	0	0	0	0	0	0	0	0	0	
160	160	011C	00000000	00000	0054	FFFFFFFF	2	3	0	1	0	0	0	0	0	0	0	0	0	0	
161	161	011C	00000000	00000	0054	FFFFFFFF	2	3	0	1	0	0	0	0	0	0	0	0	0	0	
162	162	011C	00000000	00000	0054	FFFFFFFF	2	3	0	1	0	0	0	0	0	0	0	0	0	0	
163	163	011C	00000000	00000	0054	FFFFFFFF	2	3	0	1	0	0	0	0	0	0	0	0	0	0	
164	164	011C	00000000	00000	0054	FFFFFFFF	2	3	0	1	0	0	0	0	0	0	0	0	0	0	
165	165	011C	00000000	00000	0054	FFFFFFFF	2	3	0	1	0	0	0	0	0	0	0	0	0	0	
166	166	011C	00000000	00000	0054	FFFFFFFF	2	3	0	1	0	0	0	0	0	0	0	0	0	0	
167	167	011C	00000000	00000	0054	FFFFFFFF	2	3	0	1	0	0	0	0	0	0	0	0	0	0	
168	168	011C	00000000	00000	0054	FFFFFFFF	2	3	0	1	0	0	0	0	0	0	0	0	0	0	
169	169	011C	00000000	00000	0054	FFFFFFFF	2	3	0	1	0	0	0	0	0	0	0	0	0	0	
170	170	011C	00000000	00000	0054	FFFFFFFF	2	3	0	1	0	0	0	0	0	0	0	0	0	0	
171	171	011C	00000000	00000	0054	FFFFFFFF	2	3	0	1	0	0	0	0	0	0	0	0	0	0	
172	172	011C	00000000	00000	0054	FFFFFFFF	2	3	0	1	0	0	0	0	0	0	0	0	0	0	
173	173	011C	00000000	00000	0054	FFFFFFFF	2	3	0	1	0	0	0	0	0	0	0	0	0	0	
174	174	011C	00000000	00000	0054	FFFFFFFF	2	3	0	1	0	0	0	0	0	0	0	0	0	0	
175	175	011C	00000000	00000	0054	FFFFFFFF	2	3	0	1	0	0	0	0	0	0	0	0	0	0	
176	176	011C	00000000	00000	0054	FFFFFFFF	2	3	0	1	0	0	0	0	0	0	0	0	0	0	
177	177	011C	00000000	00000	0054	FFFFFFFF	2	3	0	1	0	0	0	0	0	0	0	0	0	0	
178	178	011C	00000000	00000	0054	FFFFFFFF	2	3	0	1	0	0	0	0	0	0	0	0	0	0	
179	179	011C	00000000	00000	0054	FFFFFFFF	2	3	0	1	0	0	0	0	0	0	0	0	0	0	
180	180	011C	00000000	00000	0054	FFFFFFFF	2	3	0	1	0	0	0	0	0	0	0	0	0	0	
181	181	011C	00000000	00000	0054	FFFFFFFF	2	3	0	1	0	0	0	0	0	0	0	0	0	0	
182	182	011C	00000000	00000	0054	FFFFFFFF	2	3	0	1	0	0	0	0	0	0	0	0	0	0	
183	183	011C	00000000	00000	0054	FFFFFFFF	2	3	0	1	0	0	0	0	0	0	0	0	0	0	
184	184	011C	00000000	00000	0054	FFFFFFFF	2	3	0	1	0	0	0	0	0	0	0	0	0	0	
185	185	011C	00000000	00000	0054	FFFFFFFF	2	3	0	1	0	0	0	0	0	0	0	0	0	0	
186	186	011C	00000000	00000	0054	FFFFFFFF	2	3	0	1	0	0	0	0	0	0	0	0	0	0	
187	187	011C	00000000	00000	0054	FFFFFFFF	2	3	0	1	0	0	0	0	0	0	0	0	0	0	
188	188	011C	00000000	00000	0054	FFFFFFFF	2	3	0	1	0	0	0	0	0	0	0	0	0	0	
189	189	011C	00000000	00000	0054	FFFFFFFF	2	3	0	1	0	0	0	0	0	0	0	0	0	0	
190	190	011C	00000000	00000	0054	FFFFFFFF	2	3	0	1	0	0	0	0	0	0	0	0	0	0	
191	191	011C	00000000	00000	0054	FFFFFFFF	2	3	0	1	0	0	0	0	0	0	0	0	0	0	
192	192	011C	00000000	00000	0054	FFFFFFFF	2	3	0	1	0	0	0	0	0	0	0	0	0	0	
193	193	011C	00000000	00000	0054	FFFFFFFF	2	3	0	1	0	0	0	0	0	0	0	0	0	0	
194	194	011C	00000000	00000	0054	FFFFFFFF	2	3	0	1	0	0	0	0	0	0	0	0	0	0	
195	195	011C	00000000	00000	0054	FFFFFFFF	2	3	0	1	0	0	0	0	0	0	0	0	0	0	
196	196	011C	00000000	00000	0054	FFFFFFFF	2	3	0	1	0	0	0	0	0	0	0	0	0	0	
197	197	011C	00000000	00000	0054	FFFFFFFF	2	3	0	1	0	0	0	0	0	0	0	0	0	0	
198	198	011C	00000000	00000	0054	FFFFFFFF	2	3	0	1	0	0	0	0	0	0	0	0	0	0	
199	199	011C	00000000	00000	0054	FFFFFFFF	2	3	0	1	0	0	0	0	0	0	0	0	0	0	
200	200	011C	00000000	00000	0054	FFFFFFFF	2	3	0	1	0	0	0	0	0	0	0	0	0	0	
201	201	011C	00000000	00000	0054	FFFFFFFF	2	3	0	1	0	0	0	0	0	0	0	0	0	0	
202	202	011C	00000000	00000	0054	FFFFFFFF	2	3	0	1	0	0	0	0	0	0	0	0	0	0	
203	203	011C	00000000	00000	0054	FFFFFFFF	2	3	0	1	0	0	0	0	0	0	0	0	0	0	
204	204	011C	00000000	00000	0054	FFFFFFFF	2	3	0	1	0	0	0	0	0	0	0	0	0	0	
205	205	011C	00000000	00000	0054	FFFFFFFF	2	3	0	1	0	0	0	0	0	0	0	0	0	0	
206	206	011C	00000000	00000	0054	FFFFFFFF	2	3	0	1	0	0	0	0	0	0	0	0	0	0	
207	207	011C	00000000	00000	0054	FFFFFFFF	2	3	0	1	0	0	0	0	0	0	0	0	0	0	
208	208	011C	00000000	00000	0054	FFFFFFFF	2	3	0	1	0	0	0	0	0	0	0	0	0	0	
209	209	011C	00000000	00000	0054	FFFFFFFF	2	3	0	1	0	0	0	0	0	0	0	0	0	0	
210	210	011C	00000000	00000	0054	FFFFFFFF	2	3	0	1	0	0	0	0	0	0	0	0	0	0	
211	211	011C	00000000	00000	0054	FFFFFFFF	2	3	0	1	0	0	0	0	0	0	0	0	0	0	
212	212	011C	00000000	00000	0054	FFFFFFFF	2	3	0	1	0	0	0	0	0	0	0	0	0	0	
213	213	011C	00000000	00000	0054	FFFFFFFF	2	3	0	1	0	0	0	0	0	0	0	0	0	0	
214	214	011C	00000000	00000	0054	FFFFFFFF	2	3	0	1	0	0	0	0	0	0	0	0	0	0	
215	215	011C	00000000	00000	0054	FFFFFFFF	2	3	0	1	0	0	0	0	0	0	0	0	0	0	
216	216	011C	00000000	00000	0054	FFFFFFFF	2	3	0	1	0	0	0	0	0	0	0	0	0	0	
217	217	011C	00000000	00000	0054	FFFFFFFF	2	3	0	1	0	0	0	0	0	0	0	0	0	0	
218	218	011C	00000000	00000	0054	FFFFFFFF	2	3	0	1	0	0	0	0	0	0	0	0	0	0	
219	219	011C	00000000	00000	0054	FFFFFFFF	2	3	0	1	0	0	0	0	0	0	0	0	0	0	
220	220	011C	00000000	00000	0054	FFFFFFFF	2	3	0	1	0	0	0	0	0	0	0	0	0	0	
221	221	011C	00000000	00000	0054	FFFFFFFF	2	3	0	1	0	0	0	0	0	0	0	0	0	0	
222	222	011C	00000000	00000	0054	FFFFFFFF	2	3	0	1	0	0	0	0	0	0	0	0	0	0	
223	223	011C	00000000	00000	0054	FFFFFFFF	2	3	0	1	0	0	0	0	0	0	0	0	0	0	
224	224	011C	00000000	00000	0054	FFFFFFFF	2	3	0	1	0	0	0	0	0	0	0	0	0	0	
225	225	011C	00000000	00000	0054	FFFFFFFF	2	3	0	1	0	0	0	0	0	0	0	0	0	0	
226	226	011C	00000000	00000	0054	FFFFFFFF	2	3	0	1	0	0	0	0	0	0	0	0	0	0	
227	227	011C	00000000	00000	0054	FFFFFFFF	2	3	0	1	0	0	0	0	0	0	0	0	0	0	
228	228	011C	00000000	00000	0054	FFFFFFFF	2	3	0	1	0	0	0	0	0	0	0	0	0	0	
229	229	011C	00000000	00000	0054	FFFFFFFF	2	3	0	1	0	0	0	0	0	0	0	0	0	0	
230	230	011C	00000000	00000	0054	FFFFFFFF	2	3	0	1	0	0	0	0	0	0	0	0	0	0	
231	231	011C	00000000	00000	0054	FFFFFFFF	2	3	0	1	0	0	0	0	0	0	0	0	0	0	
232	232	011C	00000000	00000	0054	FFFFFFFF	2	3	0	1	0	0	0	0	0	0	0	0	0	0	
233	233	011C	00000000	00000	0054	FFFFFFFF	2	3	0	1	0	0	0	0	0	0	0	0	0	0	
234	234	011C	00000000	00000	0054	FFFFFFFF	2	3	0	1	0	0	0	0	0	0	0	0	0	0	
235	235	011C	00000000	00000	0054	FFFFFFFF	2	3	0	1	0	0	0	0	0	0	0	0	0	0	
236	236	011C	00000000	00000	0054	FFFFFFFF	2	3	0	1	0	0	0	0	0	0	0	0	0	0	
237	237	011C	00000000	00000	0054	FFFFFFFF	2	3	0	1	0	0	0	0	0	0	0	0	0	0	
238	238	011C	00000000	00000	0054	FFFFFFFF	2	3	0	1	0	0	0	0	0	0	0	0	0	0	
239	239	011C	00000000	00000	0054	FFFFFFFF	2	3	0	1	0	0	0	0	0	0	0	0	0	0	
240	240	011C	00000000	00000	0054	FFFFFFFF	2	3	0	1	0	0	0	0	0	0	0	0	0	0	
241	241	011C	00000000	00000	0054	FFFFFFFF	2	3	0	1	0	0	0	0	0	0	0	0	0	0	
242	242	011C	00000000	00000	0054	FFFFFFFF	2	3	0	1	0	0	0	0	0	0	0	0	0	0	
243	243	011C	00000000	00000	0054	FFFFFFFF	2	3	0	1	0	0	0	0	0	0	0	0	0	0	
244	244	011C	00000000	00000	0054	FFFFFFFF	2	3	0	1	0	0	0	0	0	0	0	0	0	0	
245	245	011C	00000000	00000	0054	FFFFFFFF	2	3	0	1	0	0	0	0	0	0	0	0	0	0	
246	246	011C	00000000	00000	0054	FFFFFFFF	2	3	0	1	0	0	0	0	0	0	0	0	0	0	
247	247	011C	00000000	00000	0054	FFFFFFFF	2	3	0	1	0	0	0	0	0	0	0	0	0	0	
248	248	011C	00000000	00000	0054	FFFFFFFF	2	3	0	1	0	0	0	0	0	0	0	0	0	0	
249	249	011C	00000000	00000	0054	FFFFFFFF	2	3	0	1	0	0	0	0	0	0	0	0	0	0	
250	250	011C	00000000	00000	0054	FFFFFFFF	2	3	0	1	0	0	0	0	0	0	0	0	0	0	
251	251	011C	00000000	00000	0054	FFFFFFFF	2	3	0	1	0	0	0	0	0	0	0	0	0	0	
252	252	011C	00000000	00000	0054	FFFFFFFF	2	3	0	1	0	0	0	0	0	0	0	0	0	0	
253	253	011C	00000000	00000	0054	FFFFFFFF	2	3	0	1	0	0	0	0	0	0	0	0	0	0	
254	254	011C	00000000	00000	0054	FFFFFFFF	2	3	0	1	0	0	0	0	0	0	0	0	0	0	
255	255	011C	00000000	00000	0054	FFFFFFFF	2	3	0	1	0	0	0	0	0	0	0	0	0	0	
256	256	011C	00000000	00000	0054	FFFFFFFF	2	3	0	1	0	0	0	0	0	0	0	0	0	0	
257	257	011C	00000000	00000	0054	FFFFFFFF	2	3	0	1	0	0	0	0	0	0	0	0	0	0	
258	258	011C	00000000	00000	0054	FFFFFFFF	2	3	0	1	0	0	0	0	0	0	0	0	0	0	
259	259	011C	00000000	00000	0054	FFFFFFFF	2	3	0	1	0	0	0	0	0	0	0	0	0	0	
260	260	011C	00000000	00000	0054	FFFFFFFF	2	3	0	1	0	0	0	0	0	0	0	0	0	0	
261	261	011C	00000000	00000	0054	FFFFFFFF	2	3	0	1	0	0	0	0	0	0	0	0	0	0	
262	262	011C	00000000	00000	0054	FFFFFFFF	2	3	0	1	0	0	0	0	0	0	0	0	0	0	
263	263	011C	00000000	00000	0054	FFFFFFFF	2	3	0	1	0	0	0	0	0	0	0	0	0	0	
264	264	011C	00000000	00000	0054	FFFFFFFF	2	3	0	1	0	0	0	0	0	0	0	0	0	0	
265	265	011C	00000000	00000	0054	FFFFFFFF	2	3	0	1	0	0	0	0	0	0	0	0	0	0	
266	266	011C	00000000	00000	0054	FFFFFFFF	2	3	0	1	0	0	0	0	0	0	0	0	0	0	
267	267	011C	00000000	00000	0054	FFFFFFFF	2	3	0	1	0	0	0	0	0	0	0	0	0	0	
268	268	011C	00000000	00000	0054	FFFFFFFF	2	3	0	1	0	0	0	0	0	0	0	0	0	0	
269	269	011C	00000000	00000	0054	FFFFFFFF	2	3	0	1	0	0	0	0	0	0	0	0	0	0	
270	270	011C	00000000	00000	0054	FFFFFFFF	2	3	0	1	0	0	0	0	0	0	0	0	0	0	
271	271	011C	00000000	00000	0054	FFFFFFFF	2	3	0	1	0	0	0	0	0	0	0	0	0	0	
272	272	011C	00000000	00000	0054	FFFFFFFF	2	3	0	1	0	0	0	0	0	0	0	0	0	0	
273	273	011C	00000000	00000	0054	FFFFFFFF	2	3	0	1	0	0	0	0	0	0	0	0	0	0	
274	274	011C	00000000	00000	0054	FFFFFFFF	2	3	0	1	0	0	0	0	0	0	0	0	0	0	
275	275	011C	00000000	00000	0054	FFFFFFFF	2	3	0	1	0	0	0	0	0	0	0	0	0	0	
276	276	011C	00000000	00000	0054	FFFFFFFF	2	3	0	1	0	0	0	0	0	0	0	0	0	0	
277	277	011C	00000000	00000	0054	FFFFFFFF	2	3	0	1	0	0	0	0	0	0	0	0	0	0	
278	278	011C	00000000	00000	0054	FFFFFFFF	2	3	0	1	0	0	0	0	0	0	0	0	0	0	
279	279	011C	00000000	00000	0054	FFFFFFFF	2	3	0	1	0	0	0	0	0	0	0	0	0	0	
280	280	011C	00000000	00000	0054	FFFFFFFF	2	3	0	1	0	0	0	0	0	0	0	0	0	0	
281	281	011C	00000000	00000	0054	FFFFFFFF	2	3	0	1	0	0	0	0	0	0	0	0	0	0	
282	282	011C	00000000	00000	0054	FFFFFFFF	2	3	0	1	0	0	0	0	0	0	0	0	0	0	
283	283	011C	00000000	00000	0054	FFFFFFFF	2	3	0	1	0	0	0	0	0	0	0	0	0	0	
284	284	011C	00000000	00000	0054	FFFFFFFF	2	3	0	1	0	0	0	0	0	0	0	0	0	0	
285	285	011C	00000000	00000	0054	FFFFFFFF	2	3	0	1	0	0	0	0	0	0	0	0	0	0	
286	286	011C	00000000	00000	0054	FFFFFFFF	2	3	0	1	0	0	0	0	0	0	0	0	0	0	
287	287	011C	00000000	00000	0054	FFFFFFFF	2	3	0	1	0	0	0	0	0	0	0	0	0	0	
288	288	011C	00000000	00000	0054	FFFFFFFF	2	3	0	1	0	0	0	0	0	0	0	0	0	0	
289	289	011C	00000000	00000	0054	FFFFFFFF	2	3	0	1	0	0	0	0	0	0	0	0	0	0	
290	290	011C	00000000	00000	0054	FFFFFFFF	2	3	0	1	0	0	0	0	0	0	0	0	0	0	
291	291	011C	00000000	00000	0054	FFFFFFFF	2	3	0	1	0	0	0	0	0	0	0	0	0	0	
292	292	011C	00000000	00000	0054	FFFFFFFF	2	3	0	1	0	0	0	0	0	0	0	0	0	0	
293	293	011C	00000000	00000	0054	FFFFFFFF	2	3	0	1	0	0	0	0	0	0	0	0	0	0	
294	294	011C	00000000	00000	0054	FFFFFFFF	2	3	0	1	0	0	0	0	0	0	0	0	0	0	
295	295	011C	00000000	00000	0054	FFFFFFFF	2	3	0	1	0	0	0	0	0	0	0	0	0	0	
296	296	011C	00000000	00000	0054	FFFFFFFF	2	3	0	1	0	0	0	0	0	0	0	0	0	0	
297	297	011C	00000000	00000	0054	FFFFFFFF	2	3	0	1	0	0	0	0	0	0	0	0	0	0	
298	298	011C	00000000	00000	0054	FFFFFFFF	2	3	0	1	0	0	0	0	0	0	0	0	0	0	
299	299	011C	00000000	00000	0054	FFFFFFFF	2	3	0	1	0	0	0	0	0	0	0	0	0	0	
300	300	011C	00000000	00000	0054	FFFFFFFF	2	3	0	1	0	0	0	0	0	0	0	0	0	0	
301	301	011C	00000000	00000	0054	FFFFFFFF	2	3	0	1	0	0	0	0	0	0	0	0	0	0	
302	302	011C	00000000	00000	0054	FFFFFFFF	2	3	0	1	0	0	0	0	0	0	0	0	0	0	
303	303	011C	00000000	00000	0054	FFFFFFFF	2	3	0	1	0	0	0	0	0	0	0	0	0	0	
304	304	011C	00000000	00000	0054	FFFFFFFF	2	3	0	1	0	0	0	0	0	0	0	0	0	0	
305	305	011C	00000000	00000	0054	FFFFFFFF	2	3	0	1	0	0	0	0	0	0	0	0	0	0	
306	306	011C	00000000	00000	0054	FFFFFFFF	2	3	0	1	0	0	0	0	0	0	0	0	0	0	
307	307	011C	00000000	00000	0054	FFFFFFFF	2	3	0	1	0	0	0	0	0	0	0	0	0	0	
308	308	011C	00000000	00000	0054	FFFFFFFF	2	3	0	1	0	0	0	0	0	0	0	0	0	0	
309	309	011C	00000000	00000	0054	FFFFFFFF	2	3	0	1	0	0	0	0	0	0	0	0	0	0	
310	310	011C	00000000	00000	0054	FFFFFFFF	2	3	0	1	0	0	0	0	0	0	0	0	0	0	
311	311	011C	00000000	00000	0054	FFFFFFFF	2	3	0	1	0	0	0	0	0	0	0	0	0	0	
312	312	011C	00000000	00000	0054	FFFFFFFF	2	3	0	1	0	0	0	0	0	0	0	0	0	0	
313	313	011C	00000000	00000	0054	FFFFFFFF	2	3	0	1	0	0	0	0	0	0	0	0	0	0	
314	314	011C	00000000	00000	0054	FFFFFFFF	2	3	0	1	0	0	0	0	0	0	0	0	0	0	
315	315	011C	00000000	00000	0054	FFFFFFFF	2	3	0	1	0	0	0	0	0	0	0	0	0	0	
316	316	011C	00000000	00000	0054	FFFFFFFF	2	3	0	1	0	0	0	0	0	0	0	0	0	0	
317	317	011C	00000000	00000	0054	FFFFFFFF	2	3	0	1	0	0	0	0	0	0	0	0	0	0	
318	318	011C	00000000	00000	0054	FFFFFFFF	2	3	0	1	0	0	0	0	0	0	0	0	0	0	
319	319	011C	00000000	00000	0054	FFFFFFFF	2	3	0	1	0	0	0	0	0	0	0	0	0	0	
320	320	011C	00000000	00000	0054	FFFFFFFF	2	3	0	1	0	0	0	0	0	0	0	0	0	0	
321	321	011C	00000000	00000	0054	FFFFFFFF	2	3	0	1	0	0	0	0	0	0	0	0	0	0	
322	322	011C	00000000	00000	0054	FFFFFFFF	2	3	0	1	0	0	0	0	0	0	0	0	0	0	
323	323	011C	00000000	00000	0054	FFFFFFFF	2	3	0	1	0	0	0	0	0	0	0	0	0	0	
324	324	011C	00000000	00000	0054	FFFFFFFF	2	3	0	1	0	0	0	0	0	0	0	0	0	0	
325	325	011C	00000000	00000	0054	FFFFFFFF	2	3	0	1	0	0	0	0	0	0	0	0	0	0	
326	326	011C	00000000	00000	0054	FFFFFFFF	2	3	0	1	0	0	0	0	0	0	0	0	0	0	
327	327	011C	00000000	00000	0054	FFFFFFFF	2	3	0	1	0	0	0	0	0	0	0	0	0	0	
328	328	011C	00000000	00000	0054	FFFFFFFF	2	3	0	1	0	0	0	0	0	0	0	0	0	0	
329	329	011C	00000000	00000	0054	FFFFFFFF	2	3	0	1	0	0	0	0	0	0	0	0	0	0	
330	330	011C	00000000	00000	0054	FFFFFFFF	2	3	0	1	0	0	0	0	0	0	0	0	0	0	
331	331	011C	00000000	00000	0054	FFFFFFFF	2	3	0	1	0	0	0	0	0	0	0	0	0	0	
332	332	011C	00000000	00000	0054	FFFFFFFF	2	3	0	1	0	0	0	0	0	0	0	0	0	0	
333	333	011C	00000000	00000	0054	FFFFFFFF	2	3	0	1	0	0	0	0	0	0	0	0	0	0	
334	334	011C	00000000	00000	0054	FFFFFFFF	2	3	0	1	0	0	0	0	0	0	0	0	0	0	
335	335	011C	00000000	00000	0054	FFFFFFFF	2	3	0	1	0	0	0	0	0	0	0	0	0	0	
336	336	011C	00000000	00000	0054	FFFFFFFF	2	3	0	1	0	0	0	0	0	0	0	0	0	0	
337	337	011C	00000000	00000	0054	FFFFFFFF	2	3	0	1	0	0	0	0	0	0	0	0	0	0	
338	338	011C	00000000	00000	0054	FFFFFFFF	2	3	0	1	0	0	0	0	0	0	0	0	0	0	
339	339	011C	00000000	00000	0054	FFFFFFFF	2	3	0	1	0	0	0	0	0	0	0	0	0	0	
340	340	011C	00000000	00000	0054	FFFFFFFF	2	3	0	1	0	0	0	0	0	0	0	0	0	0	
341	341	011C	00000000	00000	0054	FFFFFFFF	2	3	0	1	0	0	0	0	0	0	0	0	0	0	
342	342	011C	00000000	00000	0054	FFFFFFFF	2	3	0	1	0	0	0	0	0	0	0	0	0	0	
343	343	011C	00000000	00000	0054	FFFFFFFF	2	3	0	1	0	0	0	0	0	0	0	0	0	0	
344	344	011C	00000000	00000	0054	FFFFFFFF	2	3	0	1	0	0	0	0	0	0	0	0	0	0	
345	345	011C	00000000	00000	0054	FFFFFFFF	2	3	0	1	0	0	0	0	0	0	0	0	0	0	
346	346	011C	00000000	00000	0054	FFFFFFFF	2	3	0	1	0	0	0	0	0	0	0	0	0	0	
347	347	011C	00000000	00000	0054	FFFFFFFF	2	3	0	1	0	0	0	0	0	0	0	0	0	0	
348	348	011C	00000000	00000	0054	FFFFFFFF	2	3	0	1	0	0	0	0	0	0	0	0	0	0	
349	349	011C	00000000	00000	0054	FFFFFFFF	2	3	0	1	0	0	0	0	0	0	0	0	0	0	
350	350	011C	00000000	00000	0054	FFFFFFFF	2	3	0	1	0	0	0	0	0	0	0	0	0	0	
351	351	011C	00000000	00000	0054	FFFFFFFF	2	3	0	1	0	0	0	0	0	0	0	0	0	0	
352	352	011C	00000000	00000	0054	FFFFFFFF	2	3	0	1	0	0	0	0	0	0	0	0	0	0	
353	353	011C	00000000	00000	0054	FFFFFFFF	2	3	0	1	0	0	0	0	0	0	0	0	0	0	
354	354	011C	00000000	00000	0054	FFFFFFFF	2	3	0	1	0	0	0	0	0	0	0	0	0	0	
355	355	011C	00000000	00000	0054	FFFFFFFF	2	3	0	1	0	0	0	0	0	0	0	0	0	0	
356	356	011C	00000000	00000	0054	FFFFFFFF	2	3	0	1	0	0	0	0	0	0	0	0	0	0	
357	357	011C	00000000	00000	0054	FFFFFFFF	2	3	0	1	0	0	0	0	0	0	0	0	0	0	
358	358	011C	00000000	00000	0054	FFFFFFFF	2	3	0	1	0	0	0	0	0	0	0	0	0	0	
359	359	011C	00000000	00000	0054	FFFFFFFF	2	3	0	1	0	0	0	0	0	0	0	0	0	0	
360	360	011C	00000000	00000	0054	FFFFFFFF	2	3	0	1	0	0	0	0	0	0	0	0	0	0	
361	361	011C	00000000	00000	0054	FFFFFFFF	2	3	0	1	0	0	0	0	0	0	0	0	0	0	
362	362	011C	00000000	00000	0054	FFFFFFFF	2	3	0	1	0	0	0	0	0	0	0	0	0	0	
363	363	011C	00000000	00000	0054	FFFFFFFF	2	3	0	1	0	0	0	0	0	0	0	0	0	0	
364	364	011C	00000000	00000	0054	FFFFFFFF	2	3	0	1	0	0	0	0	0	0	0	0	0	0	
365	365	011C	00000000	00000	0054	FFFFFFFF	2	3	0	1	0	0	0	0	0	0	0	0	0	0	
366	366	011C	00000000	00000	0054	FFFFFFFF	2	3	0	1	0	0	0	0	0	0	0	0	0	0	
367	367	011C	00000000	00000	0054	FFFFFFFF	2	3	0	1	0	0	0	0	0	0	0	0	0	0	
368	368	011C	00000000	00000	0054	FFFFFFFF	2	3	0	1	0	0	0	0	0	0	0	0	0	0	
369	369	011C	00000000	00000	0054	FFFFFFFF	2	3	0	1	0	0	0	0	0	0	0	0	0	0	
370	370	011C	00000000	00000	0054	FFFFFFFF	2	3	0	1	0	0	0	0	0	0	0	0	0	0	
371	371	011C	00000000	00000	0054	FFFFFFFF	2	3	0	1	0	0	0	0	0	0	0	0	0	0	
372	372	011C	00000000	00000	0054	FFFFFFFF	2	3	0	1	0	0	0	0	0	0	0	0	0	0	
373	373	011C	00000000	00000	0054	FFFFFFFF	2	3	0	1	0	0	0	0	0	0	0	0	0	0	
374	374	011C	00000000	00000	0054	FFFFFFFF	2	3	0	1	0	0	0	0	0	0	0	0	0	0	
375	375	011C	00000000	00000	0054	FFFFFFFF	2	3	0	1	0	0	0	0	0	0	0	0	0	0	
376	376	011C	00000000	00000	0054	FFFFFFFF	2	3	0	1	0	0	0	0	0	0	0	0	0	0	
377	377	011C	00000000	00000	0054	FFFFFFFF	2	3	0	1	0	0	0	0	0	0	0	0	0	0	
378	378	011C	00000000	00000	0054	FFFFFFFF	2	3	0	1	0	0	0	0	0	0	0	0	0	0	
379	379	011C	00000000	00000	0054	FFFFFFFF	2	3	0	1	0	0	0	0	0	0	0	0	0	0	
380	380	011C	00000000	00000	0054	FFFFFFFF	2	3	0	1	0	0	0	0	0	0	0	0	0	0	
381	381	011C	00000000	00000	0054	FFFFFFFF	2	3	0	1	0	0	0	0	0	0	0	0	0	0	
382	382	011C	00000000	00000	0054	FFFFFFFF	2	3	0	1	0	0	0	0	0	0	0	0	0	0	
383	383	011C	00000000	00000	0054	FFFFFFFF	2	3	0	1	0	0	0	0	0	0	0	0	0	0	
384	384	011C	00000000	00000	0054	FFFFFFFF	2	3	0	1	0	0	0	0	0	0	0	0	0	0	
385	385	011C	00000000	00000	0054	FFFFFFFF	2	3	0	1	0	0	0	0	0	0	0	0	0	0	
386	386	011C	00000000	00000	0054	FFFFFFFF	2	3	0	1	0	0	0	0	0	0	0	0	0	0	
387	387	011C	00000000	00000	0054	FFFFFFFF	2	3	0	1	0	0	0	0	0	0	0	0	0	0	
388	388	011C	00000000	00000	0054	FFFFFFFF	2	3	0	1	0	0	0	0	0	0	0	0	0	0	
389	389	011C	00000000	00000	0054	FFFFFFFF	2	3	0	1	0	0	0	0	0	0	0	0	0	0	
390	390	011C	00000000	00000	0054	FFFFFFFF	2	3	0	1	0	0	0	0	0	0	0	0	0	0	
391	391	011C	00000000	00000	0054	FFFFFFFF	2	3	0	1	0	0	0	0	0	0	0	0	0	0	
392	392	011C	00000000	00000	0054	FFFFFFFF	2	3	0	1	0	0	0	0	0	0	0	0	0	0	
393	393	011C	00000000	00000	0054	FFFFFFFF	2	3	0	1	0	0	0	0	0	0	0	0	0	0	
394	394	011C	00000000	00000	0054	FFFFFFFF	2	3	0	1	0	0	0	0	0	0	0	0	0	0	
395	395	011C	00000000	00000	0054	FFFFFFFF	2	3	0	1	0	0	0	0	0	0	0	0	0	0	
396	396	011C	00000000	00000	0054	FFFFFFFF	2	3	0	1	0	0	0	0	0	0	0	0	0	0	
397	397	011C	00000000	00000	0054	FFFFFFFF	2	3	0	1	0	0	0	0	0	0	0	0	0	0	
398	398	011C	00000000	00000	0054	FFFFFFFF	2	3	0	1	0	0	0	0	0	0	0	0	0	0	
399	399	011C	00000000	00000	0054	FFFFFFFF	2	3	0	1	0	0	0	0	0	0	0	0	0	0	
400	400	011C	00000000	00000	0054	FFFFFFFF	2	3	0	1	0	0	0	0	0	0	0	0	0	0	
401	401	011C	00000000	00000	0054	FFFFFFFF	2	3	0	1	0	0	0	0	0	0	0	0	0	0	
402	402	011C	00000000	00000	0054	FFFFFFFF	2	3	0	1	0	0	0	0	0	0	0	0	0	0	
403	403	011C	00000000	00000	0054	FFFFFFFF	2	3	0	1	0	0	0	0	0	0	0	0	0	0	
404	404	011C	00000000	00000	0054	FFFFFFFF	2	3	0	1	0	0	0	0	0	0	0	0	0	0	
405	405	011C	00000000	00000	0054	FFFFFFFF	2	3	0	1	0	0	0	0	0	0	0	0	0	0	
406	406	011C	00000000	00000	0054	FFFFFFFF	2	3	0	1	0	0	0	0	0	0	0	0	0	0	
407	407	011C	00000000	00000	0054	FFFFFFFF	2	3	0	1	0	0	0	0	0	0	0	0	0	0	
408	408	011C	00000000	00000	0054	FFFFFFFF	2	3	0	1	0	0	0	0	0	0	0	0	0	0	
409	409	011C	00000000	00000	0054	FFFFFFFF	2	3	0	1	0	0	0	0	0	0	0	0	0	0	
410	410	011C	00000000	00000	0054	FFFFFFFF	2	3	0	1	0	0	0	0	0	0	0	0	0	0	
411	411	011C	00000000	00000	0054	FFFFFFFF	2	3	0	1	0	0	0	0	0	0	0	0	0	0	
412	412	011C	00000000	00000	0054	FFFFFFFF	2	3	0	1	0	0	0	0	0	0	0	0	0	0	
413	413	011C	00000000	00000	0054	FFFFFFFF	2	3	0	1	0	0	0	0	0	0	0	0	0	0	
414	414	011C	00000000	00000	0054	FFFFFFFF	2	3	0	1	0	0	0	0	0	0	0	0	0	0	
415	415	011C	00000000	00000	0054	FFFFFFFF	2	3	0	1	0	0	0	0	0	0	0	0	0	0	
416	416	011C	00000000	00000	0054	FFFFFFFF	2	3	0	1	0	0	0	0	0	0	0	0	0	0	
417	417	011C	00000000	00000	0054	FFFFFFFF	2	3	0	1	0	0	0	0	0	0	0	0	0	0	
418	418	011C	00000000	00000	0054	FFFFFFFF	2	3	0	1	0	0	0	0	0	0	0	0	0	0	
419	419	011C	00000000	00000	0054	FFFFFFFF	2	3	0	1	0	0	0	0	0	0	0	0	0	0	
420	420	011C	00000000	00000	0054	FFFFFFFF	2	3	0	1	0	0	0	0	0	0	0	0	0	0	
421	421	011C	00000000	00000	0054	FFFFFFFF	2	3	0	1	0	0	0	0	0	0	0	0	0	0	
422	422	011C	00000000	00000	0054	FFFFFFFF	2	3	0	1	0	0	0	0	0	0	0	0	0	0	
423	423	011C	00000000	00000	0054	FFFFFFFF	2	3	0	1	0	0	0	0	0	0	0	0	0	0	
424	424	011C	00000000	00000	0054	FFFFFFFF	2	3	0	1	0	0	0	0	0	0	0	0	0	0	
425	425	011C	00000000	00000	0054	FFFFFFFF	2	3	0	1	0	0	0	0	0	0	0	0	0	0	
426	426	011C	00000000	00000	0054	FFFFFFFF	2	3	0	1	0	0	0	0	0	0	0	0	0	0	
427	427	011C	00000000	00000	0054	FFFFFFFF	2	3	0	1	0	0	0	0	0	0	0	0	0	0	
428	428	011C	00000000	00000	0054	FFFFFFFF	2	3	0	1	0	0	0	0	0	0	0	0	0	0	
429	429	011C	00000000	00000	0054	FFFFFFFF	2	3	0	1	0	0	0	0	0	0	0	0	0	0	
430	430	011C	00000000	00000	0054	FFFFFFFF	2	3	0	1	0	0	0	0	0	0	0	0	0	0	
431	431	011C	00000000	00000	0054	FFFFFFFF	2	3	0	1	0	0	0	0	0	0	0	0	0	0	
432	432	011C	00000000	00000	0054	FFFFFFFF	2	3	0	1	0	0	0	0	0	0	0	0	0	0	
433	433	011C	00000000	00000	0054	FFFFFFFF	2	3	0	1	0	0	0	0	0	0	0	0	0	0	
434	434	011C	00000000	00000	0054	FFFFFFFF	2	3	0	1	0	0	0	0	0	0	0	0	0	0	
435	435	011C	00000000	00000	0054	FFFFFFFF	2	3	0	1	0	0	0	0	0	0	0	0	0	0	
436	436	011C	00000000	00000	0054	FFFFFFFF	2	3	0	1	0	0	0	0	0	0	0	0	0	0	
437	437	011C	00000000	00000	0054	FFFFFFFF	2	3	0	1	0	0	0	0	0	0	0	0	0	0	
438	438	011C	00000000	00000	0054	FFFFFFFF	2	3	0	1	0	0	0	0	0	0	0	0	0	0	
439	439	011C	00000000	00000	0054	FFFFFFFF	2	3	0	1	0	0	0	0	0	0	0	0	0	0	
440	440	011C	00000000	00000	0054	FFFFFFFF	2	3	0	1	0	0	0	0	0	0	0	0	0	0	
441	441	011C	00000000	00000	0054	FFFFFFFF	2	3	0	1	0	0	0	0	0	0	0	0	0	0	
442	442	011C	00000000	00000	0054	FFFFFFFF	2	3	0	1	0	0	0	0	0	0	0	0	0	0	
443	443	011C	00000000	00000	0054	FFFFFFFF	2	3	0	1	0	0	0	0	0	0	0	0	0	0	
444	444	011C	00000000	00000	0054	FFFFFFFF	2	3	0	1	0	0	0	0	0	0	0	0	0	0	
445	445	011C	00000000	00000	0054	FFFFFFFF	2	3	0	1	0	0	0	0	0	0	0	0	0	0	
446	446	011C	00000000	00000	0054	FFFFFFFF	2	3	0	1	0	0	0	0	0	0	0	0	0	0	
447	447	011C	00000000	00000	0054	FFFFFFFF	2	3	0	1	0	0	0	0	0	0	0	0	0	0	
448	448	011C	00000000	00000	0054	FFFFFFFF	2	3	0	1	0	0	0	0	0	0	0	0	0	0	
449	449	011C	00000000	00000	0054	FFFFFFFF	2	3	0	1	0	0	0	0	0	0	0	0	0	0	
450	450	011C	00000000	00000	0054	FFFFFFFF	2	3	0	1	0	0	0	0	0	0	0	0	0	0	
451	451	011C	00000000	00000	0054	FFFFFFFF	2	3	0	1	0	0	0	0	0	0	0	0	0	0	
452	452	011C	00000000	00000	0054	FFFFFFFF	2	3	0	1	0	0	0	0	0	0	0	0	0	0	
453	453	011C	00000000	00000	0054	FFFFFFFF	2	3	0	1	0	0	0	0	0	0	0	0	0	0	
454	454	011C	00000000	00000	0054	FFFFFFFF	2	3	0	1	0	0	0	0	0	0	0	0	0	0	
455	455	011C	00000000	00000	0054	FFFFFFFF	2	3	0	1	0	0	0	0	0	0	0	0	0	0	
456	456	011C	00000000	00000	0054	FFFFFFFF	2	3	0	1	0	0	0	0	0	0	0	0	0	0	
457	457	011C	00000000	00000	0054	FFFFFFFF	2	3	0	1	0	0	0	0	0	0	0	0	0	0	
458	458	011C	00000000	00000	0054	FFFFFFFF	2	3	0	1	0	0	0	0	0	0	0	0	0	0	
459	459	011C	00000000	00000	0054	FFFFFFFF	2	3	0	1	0	0	0	0	0	0	0	0	0	0	
460	460	011C	00000000	00000	0054	FFFFFFFF	2	3	0	1	0	0	0	0	0	0	0	0	0	0	
461	461	011C	00000000	00000	0054	FFFFFFFF	2	3	0	1	0	0	0	0	0	0	0	0	0	0	
462	462	011C	00000000	00000	0054	FFFFFFFF	2	3	0	1	0	0	0	0	0	0	0	0	0	0	
463	463	011C	00000000	00000	0054	FFFFFFFF	2	3	0	1	0	0	0	0	0	0	0	0	0	0	
464	464	011C	00000000	00000	0054	FFFFFFFF	2	3	0	1	0	0	0	0	0	0	0	0	0	0	
465	465	011C	00000000	00000	0054	FFFFFFFF	2	3	0	1	0	0	0	0	0	0	0	0	0	0	
466	466	011C	00000000	00000	0054	FFFFFFFF	2	3	0	1	0	0	0	0	0	0	0	0	0	0	
467	467	011C	00000000	00000	0054	FFFFFFFF	2	3	0	1	0	0	0	0	0	0	0	0	0	0	
468	468	011C	00000000	00000	0054	FFFFFFFF	2	3	0	1	0	0	0	0	0	0	0	0	0	0	
469	469	011C	00000000	00000	0054	FFFFFFFF	2	3	0	1	0	0	0	0	0	0	0	0	0	0	
470	470	011C	00000000	00000	0054	FFFFFFFF	2	3	0	1	0	0	0	0	0	0	0	0	0	0	
471	471	011C	00000000	00000	0054	FFFFFFFF	2	3	0	1	0	0	0	0	0	0	0	0	0	0	
472	472	011C	00000000	00000	0054	FFFFFFFF	2	3	0	1	0	0	0	0	0	0	0	0	0	0	
473	473	011C	00000000	00000	0054	FFFFFFFF	2	3	0	1	0	0	0	0	0	0	0	0	0	0	
474	474	011C	00000000	00000	0054	FFFFFFFF	2	3	0	1	0	0	0	0	0	0	0	0	0	0	
475	475	011C	00000000	00000	0054	FFFFFFFF	2	3	0	1	0	0	0	0	0	0	0	0	0	0	
476	476	011C	00000000	00000	0054	FFFFFFFF	2	3	0	1	0	0	0	0	0	0	0	0	0	0	
477	477	011C	00000000	00000	0054	FFFFFFFF	2	3	0	1	0	0	0	0	0	0	0	0	0	0	
478	478	011C	00000000	00000	0054	FFFFFFFF	2	3	0	1	0	0	0	0	0	0	0	0	0	0	
479	479	011C	00000000	00000	0054	FFFFFFFF	2	3	0	1	0	0	0	0	0	0	0	0	0	0	
480	480	011C	00000000	00000	0054	FFFFFFFF	2	3	0	1	0	0	0	0	0	0	0	0	0	0	
481	481	011C	00000000	00000	0054	FFFFFFFF	2	3	0	1	0	0	0	0	0	0	0	0	0	0	
482	482	011C	00000000	00000	0054	FFFFFFFF	2	3	0	1	0	0	0	0	0	0	0	0	0	0	
483	483	011C	00000000	00000	0054	FFFFFFFF	2	3	0	1	0	0	0	0	0	0	0	0	0	0	
484	484	011C	00000000	00000	0054	FFFFFFFF	2	3	0	1	0	0	0	0	0	0	0	0	0	0	
485	485	011C	00000000	00000	0054	FFFFFFFF	2	3	0	1	0	0	0	0	0	0	0	0	0	0	
486	486	011C	00000000	00000	0054	FFFFFFFF	2	3	0	1	0	0	0	0	0	0	0	0	0	0	
487	487	011C	00000000	00000	0054	FFFFFFFF	2	3	0	1	0	0	0	0	0	0	0	0	0	0	
488	488	011C	00000000	00000	0054	FFFFFFFF	2	3	0	1	0	0	0	0	0	0	0	0	0	0	
489	489	011C	00000000	00000	0054	FFFFFFFF	2	3	0	1	0	0	0	0	0	0	0	0	0	0	
490	490	011C	00000000	00000	0054	FFFFFFFF	2	3	0	1	0	0	0	0	0	0	0	0	0	0	
491	491	011C	00000000	00000	0054	FFFFFFFF	2	3	0	1	0	0	0	0	0	0	0	0	0	0	
492	492	011C	00000000	00000	0054	FFFFFFFF	2	3	0	1	0	0	0	0	0	0	0	0	0	0	
493	493	011C	00000000	00000	0054	FFFFFFFF	2	3	0	1	0	0	0	0	0	0	0	0	0	0	
494	494	011C	00000000	00000	0054	FFFFFFFF	2	3	0	1	0	0	0	0	0	0	0	0	0	0	
495	495	011C	00000000	00000	0054	FFFFFFFF	2	3	0	1	0	0	0	0	0	0	0	0	0	0	
496	496	011C	00000000	00000	0054	FFFFFFFF	2	3	0	1	0	0	0	0	0	0	0	0	0	0	
497	497	011C	00000000	00000	0054	FFFFFFFF	2	3	0	1	0	0	0	0	0	0	0	0	0	0	
498	498	011C	00000000	00000	0054	FFFFFFFF	2	3	0	1	0	0	0	0	0	0	0	0	0	0	
499	499	011C	00000000	00000	0054	FFFFFFFF	2	3	0	1	0	0	0	0	0	0	0	0	0	0	
500	500	011C	00000000	00000	0054	FFFFFFFF	2	3	0	1	0	0	0	0	0	0	0	0	0	0	
501	501	011C	00000000	00000	0054	FFFFFFFF	2	3	0	1	0	0	0	0	0	0	0	0	0	0	
502	502	011C	00000000	00000	0054	FFFFFFFF	2	3	0	1	0	0	0	0	0	0	0	0	0	0	
503	503	011C	00000000	00000	0054	FFFFFFFF	2	3	0	1	0	0	0	0	0	0	0	0	0	0	
504	504	011C	00000000	00000	0054	FFFFFFFF	2	3	0	1	0	0	0	0	0	0	0	0	0	0	
505	505	011C	00000000	00000	0054	FFFFFFFF	2	3	0	1	0	0	0	0	0	0	0	0	0	0	
506	506	011C	00000000	00000	0054	FFFFFFFF	2	3	0	1	0	0	0	0	0	0	0	0	0	0	
507	507	011C	00000000	00000	0054	FFFFFFFF	2	3	0	1	0	0	0	0	0	0	0	0	0	0	
508	508	011C	00000000	00000	0054	FFFFFFFF	2	3	0	1	0	0	0	0	0	0	0	0	0	0	
509	509	011C	00000000	00000	0054	FFFFFFFF	2	3	0	1	0	0	0	0	0	0	0	0	0	0	
510	510	011C	00000000	00000	0054	FFFFFFFF	2	3	0	1	0	0	0	0	0	0	0	0	0	0	
511	511	011C	00000000	00000	0054	FFFFFFFF	2	3	0	1	0	0	0	0	0	0	0	0	0	0	
512	512	011C	00000000	00000	0054	FFFFFFFF	2	3	0	1	0	0	0	0	0	0	0	0	0	0	
513	513	011C	00000000	00000	0054	FFFFFFFF	2	3	0	1	0	0	0	0	0	0	0	0	0	0	
514	514	011C	00000000	00000	0054	FFFFFFFF	2	3	0	1	0	0	0	0	0	0	0	0	0	0	
515	515	011C	00000000	00000	0054	FFFFFFFF	2	3	0	1	0	0	0	0	0	0	0	0	0	0	
516	516	011C	00000000	00000	0054	FFFFFFFF	2	3	0	1	0	0	0	0	0	0	0	0	0	0	
517	517	011C	00000000	00000	0054	FFFFFFFF	2	3	0	1	0	0	0	0	0	0	0	0	0	0	
518	518	011C	00000000	00000	0054	FFFFFFFF	2	3	0	1	0	0	0	0	0	0	0	0	0	0	
519	519	011C	00000000	00000	0054	FFFFFFFF	2	3	0	1	0	0	0	0	0	0	0	0	0	0	
520	520	011C	00000000	00000	0054	FFFFFFFF	2	3	0	1	0	0	0	0	0	0	0	0	0	0	
521	521	011C	00000000	00000	0054	FFFFFFFF	2	3	0	1	0	0	0	0	0	0	0	0	0	0	
522	522	011C	00000000	00000	0054	FFFFFFFF	2	3	0	1	0	0	0	0	0	0	0	0	0	0	
523	523	011C	00000000	00000	0054	FFFFFFFF	2	3	0	1	0	0	0	0	0	0	0	0	0	0	
524	524	011C	00000000	00000	0054	FFFFFFFF	2	3	0	1	0	0	0	0	0	0	0	0	0	0	
525	525	011C	00000000	00000	0054	FFFFFFFF	2	3	0	1	0	0	0	0	0	0	0	0	0	0	
526	526	011C	00000000	00000	0054	FFFFFFFF	2	3	0	1	0	0	0	0	0	0	0	0	0	0	
527	527	011C	00000000	00000	0054	FFFFFFFF	2	3	0	1	0	0	0	0	0	0	0	0	0	0	
528	528	011C	00000000	00000	0054	FFFFFFFF	2	3	0	1	0	0	0	0	0	0	0	0	0	0	
529	529	011C	00000000	00000	0054	FFFFFFFF	2	3	0	1	0	0	0	0	0	0	0	0	0	0	
530	530	011C	00000000	00000	0054	FFFFFFFF	2	3	0	1	0	0	0	0	0	0	0	0	0	0	
531	531	011C	00000000	00000	0054	FFFFFFFF	2	3	0	1	0	0	0	0	0	0	0	0	0	0	
532	532	011C	00000000	00000	0054	FFFFFFFF	2	3	0	1	0	0	0	0	0	0	0	0	0	0	
533	533	011C	00000000	00000	0054	FFFFFFFF	2	3	0	1	0	0	0	0	0	0	0	0	0	0	
534	534	011C	00000000	00000	0054	FFFFFFFF	2	3	0	1	0	0	0	0	0	0	0	0	0	0	
535	535	011C	00000000	00000	0054	FFFFFFFF	2	3	0	1	0	0	0	0	0	0	0	0	0	0	
536	536	011C	00000000	00000	0054	FFFFFFFF	2	3	0	1	0	0	0	0	0	0	0	0	0	0	
537	537	011C	00000000	00000	0054	FFFFFFFF	2	3	0	1	0	0	0	0	0	0	0	0	0	0	
538	538	011C	00000000	00000	0054	FFFFFFFF	2	3	0	1	0	0	0	0	0	0	0	0	0	0	
539	539	011C	00000000	00000	0054	FFFFFFFF	2	3	0	1	0	0	0	0	0	0	0	0	0	0	
540	540	011C	00000000	00000	0054	FFFFFFFF	2	3	0	1	0	0	0	0	0	0	0	0	0	0	
541	541	011C	00000000	00000	0054	FFFFFFFF	2	3	0	1	0	0	0	0	0	0	0	0	0	0	
542	542	011C	00000000	00000	0054	FFFFFFFF	2	3	0	1	0	0	0	0	0	0	0	0	0	0	
543	543	011C	00000000	00000	0054	FFFFFFFF	2	3	0	1	0	0	0	0	0	0	0	0	0	0	
544	544	011C	00000000	00000	0054	FFFFFFFF	2	3	0	1	0	0	0	0	0	0	0	0	0	0	
545	545	011C	00000000	00000	0054	FFFFFFFF	2	3	0	1	0	0	0	0	0	0	0	0	0	0	
546	546	011C	00000000	00000	0054	FFFFFFFF	2	3	0	1	0	0	0	0	0	0	0	0	0	0	
547	547	011C	00000000	00000	0054	FFFFFFFF	2	3	0	1	0	0	0	0	0	0	0	0	0	0	
548	548	011C	00000000	00000	0054	FFFFFFFF	2	3	0	1	0	0	0	0	0	0	0	0	0	0	
549	549	011C	00000000	00000	0054	FFFFFFFF	2	3	0	1	0	0	0	0	0	0	0	0	0	0	
550	550	011C	00000000	00000	0054	FFFFFFFF	2	3	0	1	0	0	0	0	0	0	0	0	0	0	
551	551	011C	00000000	00000	0054	FFFFFFFF	2	3	0	1	0	0	0	0	0	0	0	0	0	0	
552	552	011C	00000000	00000	0054	FFFFFFFF	2	3	0	1	0	0	0	0	0	0	0	0	0	0	
553	553	011C	00000000	00000	0054	FFFFFFFF	2	3	0	1	0	0	0	0	0	0	0	0	0	0	
554	554	011C	00000000	00000	0054	FFFFFFFF	2	3	0	1	0	0	0	0	0	0	0	0	0	0	
555	555	011C	00000000	00000	0054	FFFFFFFF	2	3	0	1	0	0	0	0	0	0	0	0	0	0	
556	556	011C	00000000	00000	0054	FFFFFFFF	2	3	0	1	0	0	0	0	0	0	0	0	0	0	
557	557	011C	00000000	00000	0054	FFFFFFFF	2	3	0	1	0	0	0	0	0	0	0	0	0	0	
558	558	011C	00000000	00000	0054	FFFFFFFF	2	3	0	1	0	0	0	0	0	0	0	0	0	0	
559	559	011C	00000000	00000	0054	FFFFFFFF	2	3	0	1	0	0	0	0	0	0	0	0	0	0	
560	560	011C	00000000	00000	0054	FFFFFFFF	2	3	0	1	0	0	0	0	0	0	0	0	0	0	
561	561	011C	00000000	00000	0054	FFFFFFFF	2	3	0	1	0	0	0	0	0	0	0	0	0	0	
562	562	011C	00000000	00000	0054	FFFFFFFF	2	3	0	1	0	0	0	0	0	0	0	0	0	0	
563	563	011C	00000000	00000	0054	FFFFFFFF	2	3	0	1	0	0	0	0	0	0	0	0	0	0	
564	564	011C	00000000	00000	0054	FFFFFFFF	2	3	0	1	0	0	0	0	0	0	0	0	0	0	
565	565	011C	00000000	00000	0054	FFFFFFFF	2	3	0	1	0	0	0	0	0	0	0	0	0	0	
566	566	011C	00000000	00000	0054	FFFFFFFF	2	3	0	1	0	0	0	0	0	0	0	0	0	0	
567	567	011C	00000000	00000	0054	FFFFFFFF	2	3	0	1	0	0	0	0	0	0	0	0	0	0	
568	568	011C	00000000	00000	0054	FFFFFFFF	2	3	0	1	0	0	0	0	0	0	0	0	0	0	
569	569	011C	00000000	00000	0054	FFFFFFFF	2	3	0	1	0	0	0	0	0	0	0	0	0	0	
570	570	011C	00000000	00000	0054	FFFFFFFF	2	3	0	1	0	0	0	0	0	0	0	0	0	0	
571	571	011C	00000000	00000	0054	FFFFFFFF	2	3	0	1	0	0	0	0	0	0	0	0	0	0	
572	572	011C	00000000	00000	0054	FFFFFFFF	2	3	0	1	0	0	0	0	0	0	0	0	0	0	
573	573	011C	00000000	00000	0054	FFFFFFFF	2	3	0	1	0	0	0	0	0	0	0	0	0	0	
574	574	011C	00000000	00000	0054	FFFFFFFF	2	3	0	1	0	0	0	0	0	0	0	0	0	0	
575	575	011C	00000000	00000	0054	FFFFFFFF	2	3	0	1	0	0	0	0	0	0	0	0	0	0	
576	576	011C	00000000	00000	0054	FFFFFFFF	2	3	0	1	0	0	0	0	0	0	0	0	0	0	
577	577	011C	00000000	00000	0054	FFFFFFFF	2	3	0	1	0	0	0	0	0	0	0	0	0	0	
578	578	011C	00000000	00000	0054	FFFFFFFF	2	3	0	1	0	0	0	0	0	0	0	0	0	0	
579	579	011C	00000000	00000	0054	FFFFFFFF	2	3	0	1	0	0	0	0	0	0	0	0	0	0	
580	580	011C	00000000	00000	0054	FFFFFFFF	2	3	0	1	0	0	0	0	0	0	0	0	0	0	
581	581	011C	00000000	00000	0054	FFFFFFFF	2	3	0	1	0	0	0	0	0	0	0	0	0	0	
582	582	011C	00000000	00000	0054	FFFFFFFF	2	3	0	1	0	0	0	0	0	0	0	0	0	0	
583	583	011C	00000000	00000	0054	FFFFFFFF	2	3	0	1	0	0	0	0	0	0	0	0	0	0	
584	584	011C	00000000	00000	0054	FFFFFFFF	2	3	0	1	0	0	0	0	0	0	0	0	0	0	
585	585	011C	00000000	00000	0054	FFFFFFFF	2	3	0	1	0	0	0	0	0	0	0	0	0	0	
586	586	011C	00000000	00000	0054	FFFFFFFF	2	3	0	1	0	0	0	0	0	0	0	0	0	0	
587	587	011C	00000000	00000	0054	FFFFFFFF	2	3	0	1	0	0	0	0	0	0	0	0	0	0	
588	588	011C	00000000	00000	0054	FFFFFFFF	2	3	0	1	0	0	0	0	0	0	0	0	0	0	
589	589	011C	00000000	00000	0054	FFFFFFFF	2	3	0	1	0	0	0	0	0	0	0	0	0	0	
590	590	011C	00000000	00000	0054	FFFFFFFF	2	3	0	1	0	0	0	0	0	0	0	0	0	0	
591	591	011C	00000000	00000	0054	FFFFFFFF	2	3	0	1	0	0	0	0	0	0	0	0	0	0	
592	592	011C	00000000	00000	0054	FFFFFFFF	2	3	0	1	0	0	0	0	0	0	0	0	0	0	
593	593	011C	00000000	00000	0054	FFFFFFFF	2	3	0	1	0	0	0	0	0	0	0	0	0	0	
594	594	011C	00000000	00000	0054	FFFFFFFF	2	3	0	1	0	0	0	0	0	0	0	0	0	0	
595	595	011C	00000000	00000	0054	FFFFFFFF	2	3	0	1	0	0	0	0	0	0	0	0	0	0	
596	596	011C	00000000	00000	0054	FFFFFFFF	2	3	0	1	0	0	0	0	0	0	0	0	0	0	
597	597	011C	00000000	00000	0054	FFFFFFFF	2	3	0	1	0	0	0	0	0	0	0	0	0	0	
598	598	011C	00000000	00000	0054	FFFFFFFF	2	3	0	1	0	0	0	0	0	0	0	0	0	0	
599	599	011C	00000000	00000	0054	FFFFFFFF	2	3	0	1	0	0	0	0	0	0	0	0	0	0	
600	600	011C	00000000	00000	0054	FFFFFFFF	2	3	0	1	0	0	0	0	0	0	0	0	0	0	
601	601	011C	00000000	00000	0054	FFFFFFFF	2	3	0	1	0	0	0	0	0	0	0	0	0	0	
602	602	011C	00000000	00000	0054	FFFFFFFF	2	3	0	1	0	0	0	0	0	0	0	0	0	0	
603	603	011C	00000000	00000	0054	FFFFFFFF	2	3	0	1	0	0	0	0	0	0	0	0	0	0	
604	604	011C	00000000	00000	0054	FFFFFFFF	2	3	0	1	0	0	0	0	0	0	0	0	0	0	
605	605	011C	00000000	00000	0054	FFFFFFFF	2	3	0	1	0	0	0	0	0	0	0	0	0	0	
606	606	011C	00000000	00000	0054	FFFFFFFF	2	3	0	1	0	0	0	0	0	0	0	0	0	0	
607	607	011C	00000000	00000	0054	FFFFFFFF	2	3	0	1	0	0	0	0	0	0	0	0	0	0	
608	608	011C	00000000	00000	0054	FFFFFFFF	2	3	0	1	0	0	0	0	0	0	0	0	0	0	
609	609	011C	00000000	00000	0054	FFFFFFFF	2	3	0	1	0	0	0	0	0	0	0	0	0	0	
610	610	011C	00000000	00000	0054	FFFFFFFF	2	3	0	1	0	0	0	0	0	0	0	0	0	0	
611	611	011C	00000000	00000	0054	FFFFFFFF	2	3	0	1	0	0	0	0	0	0	0	0	0	0	
612	612	011C	00000000	00000	0054	FFFFFFFF	2	3	0	1	0	0	0	0	0	0	0	0	0	0	
613	613	011C	00000000	00000	0054	FFFFFFFF	2	3	0	1	0	0	0	0	0	0	0	0	0	0	
614	614	011C	00000000	00000	0054	FFFFFFFF	2	3	0	1	0	0	0	0	0	0	0	0	0	0	
615	615	011C	00000000	00000	0054	FFFFFFFF	2	3	0	1	0	0	0	0	0	0	0	0	0	0	
616	616	011C	00000000	00000	0054	FFFFFFFF	2	3	0	1	0	0	0	0	0	0	0	0	0	0	
617	617	011C	00000000	00000	0054	FFFFFFFF	2	3	0	1	0	0	0	0	0	0	0	0	0	0	
618	618	011C	00000000	00000	0054	FFFFFFFF	2	3	0	1	0	0	0	0	0	0	0	0	0	0	
619	619	011C	00000000	00000	0054	FFFFFFFF	2	3	0	1	0	0	0	0	0	0	0	0	0	0	
620	620	011C	00000000	00000	0054	FFFFFFFF	2	3	0	1	0	0	0	0	0	0	0	0	0	0	
621	621	011C	00000000	00000	0054	FFFFFFFF	2	3	0	1	0	0	0	0	0	0	0	0	0	0	
622	622	011C	00000000	00000	0054	FFFFFFFF	2	3	0	1	0	0	0	0	0	0	0	0	0	0	
623	623	011C	00000000	00000	0054	FFFFFFFF	2	3	0	1	0	0	0	0	0	0	0	0	0	0	
624	624	011C	00000000	00000	0054	FFFFFFFF	2	3	0	1	0	0	0	0	0	0	0	0	0	0	
625	625	011C	00000000	00000	0054	FFFFFFFF	2	3	0	1	0	0	0	0	0	0	0	0	0	0	
626	626	011C	00000000	00000	0054	FFFFFFFF	2	3	0	1	0	0	0	0	0	0	0	0	0	0	
627	627	011C	00000000	00000	0054	FFFFFFFF	2	3	0	1	0	0	0	0	0	0	0	0	0	0	
628	628	011C	00000000	00000	0054	FFFFFFFF	2	3	0	1	0	0	0	0	0	0	0	0	0	0	
629	629	011C	00000000	00000	0054	FFFFFFFF	2	3	0	1	0	0	0	0	0	0	0	0	0	0	
630	630	011C	00000000	00000	0054	FFFFFFFF	2	3	0	1	0	0	0	0	0	0	0	0	0	0	
631	631	011C	00000000	00000	0054	FFFFFFFF	2	3	0	1	0	0	0	0	0	0	0	0	0	0	
632	632	011C	00000000	00000	0054	FFFFFFFF	2	3	0	1	0	0	0	0	0	0	0	0	0	0	
633	633	011C	00000000	00000	0054	FFFFFFFF	2	3	0	1	0	0	0	0	0	0	0	0	0	0	
634	634	011C	00000000	00000	0054	FFFFFFFF	2	3	0	1	0	0	0	0	0	0	0	0	0	0	
635	635	011C	00000000	00000	0054	FFFFFFFF	2	3	0	1	0	0	0	0	0	0	0	0	0	0	
636	636	011C	00000000	00000	0054	FFFFFFFF	2	3	0	1	0	0	0	0	0	0	0	0	0	0	
637	637	011C	00000000	00000	0054	FFFFFFFF	2	3	0	1	0	0	0	0	0	0	0	0	0	0	
638	638	011C	00000000	00000	0054	FFFFFFFF	2	3	0	1	0	0	0	0	0	0	0	0	0	0	
639	639	011C	00000000	00000	0054	FFFFFFFF	2	3	0	1	0	0	0	0	0	0	0	0	0	0	
640	640	011C	00000000	00000	0054	FFFFFFFF	2	3	0	1	0	0	0	0	0	0	0	0	0	0	
641	641	011C	00000000	00000	0054	FFFFFFFF	2	3	0	1	0	0	0	0	0	0	0	0	0	0	
642	642	011C	00000000	00000	0054	FFFFFFFF	2	3	0	1	0	0	0	0	0	0	0	0	0	0	
643	643	011C	00000000	00000	0054	FFFFFFFF	2	3	0	1	0	0	0	0	0	0	0	0	0	0	
644	644	011C	00000000	00000	0054	FFFFFFFF	2	3	0	1	0	0	0	0	0	0	0	0	0	0	
645	645	011C	00000000	00000	0054	FFFFFFFF	2	3	0	1	0	0	0	0	0	0	0	0	0	0	
646	646	011C	00000000	00000	0054	FFFFFFFF	2	3	0	1	0	0	0	0	0	0	0	0	0	0	
647	647	011C	00000000	00000	0054	FFFFFFFF	2	3	0	1	0	0	0	0	0	0	0	0	0	0	
648	648	011C	00000000	00000	0054	FFFFFFFF	2	3	0	1	0	0	0	0	0	0	0	0	0	0	
649	649	011C	00000000	00000	0054	FFFFFFFF	2	3	0	1	0	0	0	0	0	0	0	0	0	0	
650	650	011C	00000000	00000	0054	FFFFFFFF	2	3	0	1	0	0	0	0	0	0	0	0	0	0	
651	651	011C	00000000	00000	0054	FFFFFFFF	2	3	0	1	0	0	0	0	0	0	0	0	0	0	
652	652	011C	00000000	00000	0054	FFFFFFFF	2	3	0	1	0	0	0	0	0	0	0	0	0	0	
653	653	011C	00000000	00000	0054	FFFFFFFF	2	3	0	1	0	0	0	0	0	0	0	0	0	0	
654	654	011C	00000000	00000	0054	FFFFFFFF	2	3	0	1	0	0	0	0	0	0	0	0	0	0	
655	655	011C	00000000	00000	0054	FFFFFFFF	2	3	0	1	0	0	0	0	0	0	0	0	0	0	
656	656	011C	00000000	00000	0054	FFFFFFFF	2	3	0	1	0	0	0	0	0	0	0	0	0	0	
657	657	011C	00000000	00000	0054	FFFFFFFF	2	3	0	1	0	0	0	0	0	0	0	0	0	0	
658	658	011C	00000000	00000	0054	FFFFFFFF	2	3	0	1	0	0	0	0	0	0	0	0	0	0	
659	659	011C	00000000	00000	0054	FFFFFFFF	2	3	0	1	0	0	0	0	0	0	0	0	0	0	
660	660	011C	00000000	00000	0054	FFFFFFFF	2	3	0	1	0	0	0	0	0	0	0	0	0	0	
661	661	011C	00000000	00000	0054	FFFFFFFF	2	3	0	1	0	0	0	0	0	0	0	0	0	0	
662	662	011C	00000000	00000	0054	FFFFFFFF	2	3	0	1	0	0	0	0	0	0	0	0	0	0	
663	663	011C	00000000	00000	0054	FFFFFFFF	2	3	0	1	0	0	0	0	0	0	0	0	0	0	
664	664	011C	00000000	00000	0054	FFFFFFFF	2	3	0	1	0	0	0	0	0	0	0	0	0	0	
665	665	011C	00000000	00000	0054	FFFFFFFF	2	3	0	1	0	0	0	0	0	0	0	0	0	0	
666	666	011C	00000000	00000	0054	FFFFFFFF	2	3	0	1	0	0	0	0	0	0	0	0	0	0	
667	667	011C	00000000	00000	0054	FFFFFFFF	2	3	0	1	0	0	0	0	0	0	0	0	0	0	
668	668	011C	00000000	00000	0054	FFFFFFFF	2	3	0	1	0	0	0	0	0	0	0	0	0	0	
669	669	011C	00000000	00000	0054	FFFFFFFF	2	3	0	1	0	0	0	0	0	0	0	0	0	0	
670	670	011C	00000000	00000	0054	FFFFFFFF	2	3	0	1	0	0	0	0	0	0	0	0	0	0	
671	671	011C	00000000	00000	0054	FFFFFFFF	2	3	0	1	0	0	0	0	0	0	0	0	0	0	
672	672	011C	00000000	00000	0054	FFFFFFFF	2	3	0	1	0	0	0	0	0	0	0	0	0	0	
673	673	011C	00000000	00000	0054	FFFFFFFF	2	3	0	1	0	0	0	0	0	0	0	0	0	0	
674	674	011C	00000000	00000	0054	FFFFFFFF	2	3	0	1	0	0	0	0	0	0	0	0	0	0	
675	675	011C	00000000	00000	0054	FFFFFFFF	2	3	0	1	0	0	0	0	0	0	0	0	0	0	
676	676	011C	00000000	00000	0054	FFFFFFFF	2	3	0	1	0	0	0	0	0	0	0	0	0	0	
677	677	011C	00000000	00000	0054	FFFFFFFF	2	3	0	1	0	0	0	0	0	0	0	0	0	0	
678	678	011C	00000000	00000	0054	FFFFFFFF	2	3	0	1	0	0	0	0	0	0	0	0	0	0	
679	679	011C	00000000	00000	0054	FFFFFFFF	2	3	0	1	0	0	0	0	0	0	0	0	0	0	
680	680	011C	00000000	00000	0054	FFFFFFFF	2	3	0	1	0	0	0	0	0	0	0	0	0	0	
681	681	011C	00000000	00000	0054	FFFFFFFF	2	3	0	1	0	0	0	0	0	0	0	0	0	0	
682	682	011C	00000000	00000	0054	FFFFFFFF	2	3	0	1	0	0	0	0	0	0	0	0	0	0	
683	683	011C	00000000	00000	0054	FFFFFFFF	2	3	0	1	0	0	0	0	0	0	0	0	0	0	
684	684	011C	00000000	00000	0054	FFFFFFFF	2	3	0	1	0	0	0	0	0	0	0	0	0	0	
685	685	011C	00000000	00000	0054	FFFFFFFF	2	3	0	1	0	0	0	0	0	0	0	0	0	0	
686	686	011C	00000000	00000	0054	FFFFFFFF	2	3	0	1	0	0	0	0	0	0	0	0	0	0	
687	687	011C	00000000	00000	0054	FFFFFFFF	2	3	0	1	0	0	0	0	0	0	0	0	0	0	
688	688	011C	00000000	00000	0054	FFFFFFFF	2	3	0	1	0	0	0	0	0	0	0	0	0	0	
689	689	011C	00000000	00000	0054	FFFFFFFF	2	3	0	1	0	0	0	0	0	0	0	0	0	0	
690	690	011C	00000000	00000	0054	FFFFFFFF	2	3	0	1	0	0	0	0	0	0	0	0	0	0	
691	691	011C	00000000	00000	0054	FFFFFFFF	2	3	0	1	0	0	0	0	0	0	0	0	0	0	
692	692	011C	00000000	00000	0054	FFFFFFFF	2	3	0	1	0	0	0	0	0	0	0	0	0	0	
693	693	011C	00000000	00000	0054	FFFFFFFF	2	3	0	1	0	0	0	0	0	0	0	0	0	0	
694	694	011C	00000000	00000	0054	FFFFFFFF	2	3	0	1	0	0	0	0	0	0	0	0	0	0	
695	695	011C	00000000	00000	0054	FFFFFFFF	2	3	0	1	0	0	0	0	0	0	0	0	0	0	
696	696	011C	00000000	00000	0054	FFFFFFFF	2	3	0	1	0	0	0	0	0	0	0	0	0	0	
697	697	011C	00000000	00000	0054	FFFFFFFF	2	3	0	1	0	0	0	0	0	0	0	0	0	0	
698	698	011C	00000000	00000	0054	FFFFFFFF	2	3	0	1	0	0	0	0	0	0	0	0	0	0	
699	699	011C	00000000	00000	0054	FFFFFFFF	2	3	0	1	0	0	0	0	0	0	0	0	0	0	
700	700	011C	00000000	00000	0054	FFFFFFFF	2	3	0	1	0	0	0	0	0	0	0	0	0	0	
701	701	011C	00000000	00000	0054	FFFFFFFF	2	3	0	1	0	0	0	0	0	0	0	0	0	0	
702	702	011C	00000000	00000	0054	FFFFFFFF	2	3	0	1	0	0	0	0	0	0	0	0	0	0	
703	703	011C	00000000	00000	0054	FFFFFFFF	2	3	0	1	0	0	0	0	0	0	0	0	0	0	
704	704	011C	00000000	00000	0054	FFFFFFFF	2	3	0	1	0	0	0	0	0	0	0	0	0	0	
705	705	011C	00000000	00000	0054	FFFFFFFF	2	3	0	1	0	0	0	0	0	0	0	0	0	0	
706	706	011C	00000000	00000	0054	FFFFFFFF	2	3	0	1	0	0	0	0	0	0	0	0	0	0	
707	707	011C	00000000	00000	0054	FFFFFFFF	2	3	0	1	0	0	0	0	0	0	0	0	0	0	
708	708	011C	00000000	00000	0054	FFFFFFFF	2	3	0	1	0	0	0	0	0	0	0	0	0	0	
709	709	011C	00000000	00000	0054	FFFFFFFF	2	3	0	1	0	0	0	0	0	0	0	0	0	0	
710	710	011C	00000000	00000	0054	FFFFFFFF	2	3	0	1	0	0	0	0	0	0	0	0	0	0	
711	711	011C	00000000	00000	0054	FFFFFFFF	2	3	0	1	0	0	0	0	0	0	0	0	0	0	
712	712	011C	00000000	00000	0054	FFFFFFFF	2	3	0	1	0	0	0	0	0	0	0	0	0	0	
713	713	011C	00000000	00000	0054	FFFFFFFF	2	3	0	1	0	0	0	0	0	0	0	0	0	0	
714	714	011C	00000000	00000	0054	FFFFFFFF	2	3	0	1	0	0	0	0	0	0	0	0	0	0	
715	715	011C	00000000	00000	0054	FFFFFFFF	2	3	0	1	0	0	0	0	0	0	0	0	0	0	
716	716	011C	00000000	00000	0054	FFFFFFFF	2	3	0	1	0	0	0	0	0	0	0	0	0	0	
717	717	011C	00000000	00000	0054	FFFFFFFF	2	3	0	1	0	0	0	0	0	0	0	0	0	0	
718	718	011C	00000000	00000	0054	FFFFFFFF	2	3	0	1	0	0	0	0	0	0	0	0	0	0	
719	719	011C	00000000	00000	0054	FFFFFFFF	2	3	0	1	0	0	0	0	0	0	0	0	0	0	
720	720	011C	00000000	00000	0054	FFFFFFFF	2	3	0	1	0	0	0	0	0	0	0	0	0	0	
721	721	011C	00000000	00000	0054	FFFFFFFF	2	3	0	1	0	0	0	0	0	0	0	0	0	0	
722	722	011C	00000000	00000	0054	FFFFFFFF	2	3	0	1	0	0	0	0	0	0	0	0	0	0	
723	723	011C	00000000	00000	0054	FFFFFFFF	2	3	0	1	0	0	0	0	0	0	0	0	0	0	
724	724	011C	00000000	00000	0054	FFFFFFFF	2	3	0	1	0	0	0	0	0	0	0	0	0	0	
725	725	011C	00000000	00000	0054	FFFFFFFF	2	3	0	1	0	0	0	0	0	0	0	0	0	0	
726	726	011C	00000000	00000	0054	FFFFFFFF	2	3	0	1	0	0	0	0	0	0	0	0	0	0	
727	727	011C	00000000	00000	0054	FFFFFFFF	2	3	0	1	0	0	0	0	0	0	0	0	0	0	
728	728	011C	00000000	00000	0054	FFFFFFFF	2	3	0	1	0	0	0	0	0	0	0	0	0	0	
729	729	011C	00000000	00000	0054	FFFFFFFF	2	3	0	1	0	0	0	0	0	0	0	0	0	0	
730	730	011C	00000000	00000	0054	FFFFFFFF	2	3	0	1	0	0	0	0	0	0	0	0	0	0	
731	731	011C	00000000	00000	0054	FFFFFFFF	2	3	0	1	0	0	0	0	0	0	0	0	0	0	
732	732	011C	00000000	00000	0054	FFFFFFFF	2	3	0	1	0	0	0	0	0	0	0	0	0	0	
733	733	011C	00000000	00000	0054	FFFFFFFF	2	3	0	1	0	0	0	0	0	0	0	0	0	0	
734	734	011C	00000000	00000	0054	FFFFFFFF	2	3	0	1	0	0	0	0	0	0	0	0	0	0	
735	735	011C	00000000	00000	0054	FFFFFFFF	2	3	0	1	0	0	0	0	0	0	0	0	0	0	
736	736	011C	00000000	00000	0054	FFFFFFFF	2	3	0	1	0	0	0	0	0	0	0	0	0	0	
737	737	011C	00000000	00000	0054	FFFFFFFF	2	3	0	1	0	0	0	0	0	0	0	0	0	0	
738	738	011C	00000000	00000	0054	FFFFFFFF	2	3	0	1	0	0	0	0	0	0	0	0	0	0	
739	739	011C	00000000	00000	0054	FFFFFFFF	2	3	0	1	0	0	0	0	0	0	0	0	0	0	
740	740	011C	00000000	00000	0054	FFFFFFFF	2	3	0	1	0	0	0	0	0	0	0	0	0	0	
741	741	011C	00000000	00000	0054	FFFFFFFF	2	3	0	1	0	0	0	0	0	0	0	0	0	0	
742	742	011C	00000000	00000	0054	FFFFFFFF	2	3	0	1	0	0	0	0	0	0	0	0	0	0	
743	743	011C	00000000	00000	0054	FFFFFFFF	2	3	0	1	0	0	0	0	0	0	0	0	0	0	
744	744	011C	00000000	00000	0054	FFFFFFFF	2	3	0	1	0	0	0	0	0	0	0	0	0	0	
745	745	011C	00000000	00000	0054	FFFFFFFF	2	3	0	1	0	0	0	0	0	0	0	0	0	0	
746	746	011C	00000000	00000	0054	FFFFFFFF	2	3	0	1	0	0	0	0	0	0	0	0	0	0	
747	747	011C	00000000	00000	0054	FFFFFFFF	2	3	0	1	0	0	0	0	0	0	0	0	0	0	
748	748	011C	00000000	00000	0054	FFFFFFFF	2	3	0	1	0	0	0	0	0	0	0	0	0	0	
749	749	011C	00000000	00000	0054	FFFFFFFF	2	3	0	1	0	0	0	0	0	0	0	0	0	0	
750	750	011C	00000000	00000	0054	FFFFFFFF	2	3	0	1	0	0	0	0	0	0	0	0	0	0	
751	751	011C	00000000	00000	0054	FFFFFFFF	2	3	0	1	0	0	0	0	0	0	0	0	0	0	
752	752	011C	00000000	00000	0054	FFFFFFFF	2	3	0	1	0	0	0	0	0	0	0	0	0	0	
753	753	011C	00000000	00000	0054	FFFFFFFF	2	3	0	1	0	0	0	0	0	0	0	0	0	0	
754	754	011C	00000000	00000	0054	FFFFFFFF	2	3	0	1	0	0	0	0	0	0	0	0	0	0	
755	755	011C	00000000	00000	0054	FFFFFFFF	2	3	0	1	0	0	0	0	0	0	0	0	0	0	
756	756	011C	00000000	00000	0054	FFFFFFFF	2	3	0	1	0	0	0	0	0	0	0	0	0	0	
757	757	011C	00000000	00000	0054	FFFFFFFF	2	3	0	1	0	0	0	0	0	0	0	0	0	0	
758	758	011C	00000000	00000	0054	FFFFFFFF	2	3	0	1	0	0	0	0	0	0	0	0	0	0	
759	759	011C	00000000	00000	0054	FFFFFFFF	2	3	0	1	0	0	0	0	0	0	0	0	0	0	
760	760	011C	00000000	00000	0054	FFFFFFFF	2	3	0	1	0	0	0	0	0	0	0	0	0	0	
761	761	011C	00000000	00000	0054	FFFFFFFF	2	3	0	1	0	0	0	0	0	0	0	0	0	0	
762	762	011C	00000000	00000	0054	FFFFFFFF	2	3	0	1	0	0	0	0	0	0	0	0	0	0	
763	763	011C	00000000	00000	0054	FFFFFFFF	2	3	0	1	0	0	0	0	0	0	0	0	0	0	
764	764	011C	00000000	00000	0054	FFFFFFFF	2	3	0	1	0	0	0	0	0	0	0	0	0	0	
765	765	011C	00000000	00000	0054	FFFFFFFF	2	3	0	1	0	0	0	0	0	0	0	0	0	0	
766	766	011C	00000000	00000	0054	FFFFFFFF	2	3	0	1	0	0	0	0	0	0	0	0	0	0	
767	767	011C	00000000	00000	0054	FFFFFFFF	2	3	0	1	0	0	0	0	0	0	0	0	0	0	
768	768	011C	00000000	00000	0054	FFFFFFFF	2	3	0	1	0	0	0	0	0	0	0	0	0	0	
769	769	011C	00000000	00000	0054	FFFFFFFF	2	3	0	1	0	0	0	0	0	0	0	0	0	0	
770	770	011C	00000000	00000	0054	FFFFFFFF	2	3	0	1	0	0	0	0	0	0	0	0	0	0	
771	771	011C	00000000	00000	0054	FFFFFFFF	2	3	0	1	0	0	0	0	0	0	0	0	0	0	
772	772	011C	00000000	00000	0054	FFFFFFFF	2	3	0	1	0	0	0	0	0	0	0	0	0	0	
773	773	011C	00000000	00000	0054	FFFFFFFF	2	3	0	1	0	0	0	0	0	0	0	0	0	0	
774	774	011C	00000000	00000	0054	FFFFFFFF	2	3	0	1	0	0	0	0	0	0	0	0	0	0	
775	775	011C	00000000	00000	0054	FFFFFFFF	2	3	0	1	0	0	0	0	0	0	0	0	0	0	
776	776	011C	00000000	00000	0054	FFFFFFFF	2	3	0	1	0	0	0	0	0	0	0	0	0	0	
777	777	011C	00000000	00000	0054	FFFFFFFF	2	3	0	1	0	0	0	0	0	0	0	0	0	0	
778	778	011C	00000000	00000	0054	FFFFFFFF	2	3	0	1	0	0	0	0	0	0	0	0	0	0	
779	779	011C	00000000	00000	0054	FFFFFFFF	2	3	0	1	0	0	0	0	0	0	0	0	0	0	
780	780	011C	00000000	00000	0054	FFFFFFFF	2	3	0	1	0	0	0	0	0	0	0	0	0	0	
781	781	011C	00000000	00000	0054	FFFFFFFF	2	3	0	1	0	0	0	0	0	0	0	0	0	0	
782	782	011C	00000000	00000	0054	FFFFFFFF	2	3	0	1	0	0	0	0	0	0	0	0	0	0	
783	783	011C	00000000	00000	0054	FFFFFFFF	2	3	0	1	0	0	0	0	0	0	0	0	0	0	
784	784	011C	00000000	00000	0054	FFFFFFFF	2	3	0	1	0	0	0	0	0	0	0	0	0	0	
785	785	011C	00000000	00000	0054	FFFFFFFF	2	3	0	1	0	0	0	0	0	0	0	0	0	0	
786	786	011C	00000000	00000	0054	FFFFFFFF	2	3	0	1	0	0	0	0	0	0	0	0	0	0	
787	787	011C	00000000	00000	0054	FFFFFFFF	2	3	0	1	0	0	0	0	0	0	0	0	0	0	
788	788	011C	00000000	00000	0054	FFFFFFFF	2	3	0	1	0	0	0	0	0	0	0	0	0	0	
789	789	011C	00000000	00000	0054	FFFFFFFF	2	3	0	1	0	0	0	0	0	0	0	0	0	0	
790	790	011C	00000000	00000	0054	FFFFFFFF	2	3	0	1	0	0	0	0	0	0	0	0	0	0	
791	791	011C	00000000	00000	0054	FFFFFFFF	2	3	0	1	0	0	0	0	0	0	0	0	0	0	
792	792	011C	00000000	00000	0054	FFFFFFFF	2	3	0	1	0	0	0	0	0	0	0	0	0	0	
793	793	011C	00000000	00000	0054	FFFFFFFF	2	3	0	1	0	0	0	0	0	0	0	0	0	0	
794	794	011C	00000000	00000	0054	FFFFFFFF	2	3	0	1	0	0	0	0	0	0	0	0	0	0	
795	795	011C	00000000	00000	0054	FFFFFFFF	2	3	0	1	0	0	0	0	0	0	0	0	0	0	
796	796	011C	00000000	00000	0054	FFFFFFFF	2	3	0	1	0	0	0	0	0	0	0	0	0	0	
797	797	011C	00000000	00000	0054	FFFFFFFF	2	3	0	1	0	0	0	0	0	0	0	0	0	0	
798	798	011C	00000000	00000	0054	FFFFFFFF	2	3	0	1	0	0	0	0	0	0	0	0	0	0	
799	799	011C	00000000	00000	0054	FFFFFFFF	2	3	0	1	0	0	0	0	0	0	0	0	0	0	
800	800	011C	00000000	00000	0054	FFFFFFFF	2	3	0	1	0	0	0	0	0	0	0	0	0	0	
801	801	011C	00000000	00000	0054	FFFFFFFF	2	3	0	1	0	0	0	0	0	0	0	0	0	0	
802	802	011C	00000000	00000	0054	FFFFFFFF	2	3	0	1	0	0	0	0	0	0	0	0	0	0	
803	803	011C	00000000	00000	0054	FFFFFFFF	2	3	0	1	0	0	0	0	0	0	0	0	0	0	
804	804	011C	00000000	00000	0054	FFFFFFFF	2	3	0	1	0	0	0	0	0	0	0	0	0	0	
805	805	011C	00000000	00000	0054	FFFFFFFF	2	3	0	1	0	0	0	0	0	0	0	0	0	0	
806	806	011C	00000000	00000	0054	FFFFFFFF	2	3	0	1	0	0	0	0	0	0	0	0	0	0	
807	807	011C	00000000	00000	0054	FFFFFFFF	2	3	0	1	0	0	0	0	0	0	0	0	0	0	
808	808	011C	00000000	00000	0054	FFFFFFFF	2	3	0	1	0	0	0	0	0	0	0	0	0	0	
809	809	011C	00000000	00000	0054	FFFFFFFF	2	3	0	1	0	0	0	0	0	0	0	0	0	0	
810	810	011C	00000000	00000	0054	FFFFFFFF	2	3	0	1	0	0	0	0	0	0	0	0	0	0	
811	811	011C	00000000	00000	0054	FFFFFFFF	2	3	0	1	0	0	0	0	0	0	0	0	0	0	
812	812	011C	00000000	00000	0054	FFFFFFFF	2	3	0	1	0	0	0	0	0	0	0	0	0	0	
813	813	011C	00000000	00000	0054	FFFFFFFF	2	3	0	1	0	0	0	0	0	0	0	0	0	0	
814	814	011C	00000000	00000	0054	FFFFFFFF	2	3	0	1	0	0	0	0	0	0	0	0	0	0	
815	815	011C	00000000	00000	0054	FFFFFFFF	2	3	0	1	0	0	0	0	0	0	0	0	0	0	
816	816	011C	00000000	00000	0054	FFFFFFFF	2	3	0	1	0	0	0	0	0	0	0	0	0	0	
817	817	011C	00000000	00000	0054	FFFFFFFF	2	3	0	1	0	0	0	0	0	0	0	0	0	0	
818	818	011C	00000000	00000	0054	FFFFFFFF	2	3	0	1	0	0	0	0	0	0	0	0	0	0	
819	819	011C	00000000	00000	0054	FFFFFFFF	2	3	0	1	0	0	0	0	0	0	0	0	0	0	
820	820	011C	00000000	00000	0054	FFFFFFFF	2	3	0	1	0	0	0	0	0	0	0	0	0	0	
821	821	011C	00000000	00000	0054	FFFFFFFF	2	3	0	1	0	0	0	0	0	0	0	0	0	0	
822	822	011C	00000000	00000	0054	FFFFFFFF	2	3	0	1	0	0	0	0	0	0	0	0	0	0	
823	823	011C	00000000	00000	0054	FFFFFFFF	2	3	0	1	0	0	0	0	0	0	0	0	0	0	
824	824	011C	00000000	00000	0054	FFFFFFFF	2	3	0	1	0	0	0	0	0	0	0	0	0	0	
825	825	011C	00000000	00000	0054	FFFFFFFF	2	3	0	1	0	0	0	0	0	0	0	0	0	0	
826	826	011C	00000000	00000	0054	FFFFFFFF	2	3	0	1	0	0	0	0	0	0	0	0	0	0	
827	827	011C	00000000	00000	0054	FFFFFFFF	2	3	0	1	0	0	0	0	0	0	0	0	0	0	
828	828	011C	00000000	00000	0054	FFFFFFFF	2	3	0	1	0	0	0	0	0	0	0	0	0	0	
829	829	011C	00000000	00000	0054	FFFFFFFF	2	3	0	1	0	0	0	0	0	0	0	0	0	0	
830	830	011C	00000000	00000	0054	FFFFFFFF	2	3	0	1	0	0	0	0	0	0	0	0	0	0	
831	831	011C	00000000	00000	0054	FFFFFFFF	2	3	0	1	0	0	0	0	0	0	0	0	0	0	
832	832	011C	00000000	00000	0054	FFFFFFFF	2	3	0	1	0	0	0	0	0	0	0	0	0	0	
833	833	011C	00000000	00000	0054	FFFFFFFF	2	3	0	1	0	0	0	0	0	0	0	0	0	0	
834	834	011C	00000000	00000	0054	FFFFFFFF	2	3	0	1	0	0	0	0	0	0	0	0	0	0	
835	835	011C	00000000	00000	0054	FFFFFFFF	2	3	0	1	0	0	0	0	0	0	0	0	0	0	
836	836	011C	00000000	00000	0054	FFFFFFFF	2	3	0	1	0	0	0	0	0	0	0	0	0	0	
837	837	011C	00000000	00000	0054	FFFFFFFF	2	3	0	1	0	0	0	0	0	0	0	0	0	0	
838	838	011C	00000000	00000	0054	FFFFFFFF	2	3	0	1	0	0	0	0	0	0	0	0	0	0	
839	839	011C	00000000	00000	0054	FFFFFFFF	2	3	0	1	0	0	0	0	0	0	0	0	0	0	
840	840	011C	00000000	00000	0054	FFFFFFFF	2	3	0	1	0	0	0	0	0	0	0	0	0	0	
841	841	011C	00000000	00000	0054	FFFFFFFF	2	3	0	1	0	0	0	0	0	0	0	0	0	0	
842	842	011C	00000000	00000	0054	FFFFFFFF	2	3	0	1	0	0	0	0	0	0	0	0	0	0	
843	843	011C	00000000	00000	0054	FFFFFFFF	2	3	0	1	0	0	0	0	0	0	0	0	0	0	
844	844	011C	00000000	00000	0054	FFFFFFFF	2	3	0	1	0	0	0	0	0	0	0	0	0	0	
845	845	011C	00000000	00000	0054	FFFFFFFF	2	3	0	1	0	0	0	0	0	0	0	0	0	0	
846	846	011C	00000000	00000	0054	FFFFFFFF	2	3	0	1	0	0	0	0	0	0	0	0	0	0	
847	847	011C	00000000	00000	0054	FFFFFFFF	2	3	0	1	0	0	0	0	0	0	0	0	0	0	
848	848	011C	00000000	00000	0054	FFFFFFFF	2	3	0	1	0	0	0	0	0	0	0	0	0	0	
849	849	011C	00000000	00000	0054	FFFFFFFF	2	3	0	1	0	0	0	0	0	0	0	0	0	0	
850	850	011C	00000000	00000	0054	FFFFFFFF	2	3	0	1	0	0	0	0	0	0	0	0	0	0	
851	851	011C	00000000	00000	0054	FFFFFFFF	2	3	0	1	0	0	0	0	0	0	0	0	0	0	
852	852	011C	00000000	00000	0054	FFFFFFFF	2	3	0	1	0	0	0	0	0	0	0	0	0	0	
853	853	011C	00000000	00000	0054	FFFFFFFF	2	3	0	1	0	0	0	0	0	0	0	0	0	0	
854	854	011C	00000000	00000	0054	FFFFFFFF	2	3	0	1	0	0	0	0	0	0	0	0	0	0	
855	855	011C	00000000	00000	0054	FFFFFFFF	2	3	0	1	0	0	0	0	0	0	0	0	0	0	
856	856	011C	00000000	00000	0054	FFFFFFFF	2	3	0	1	0	0	0	0	0	0	0	0	0	0	
857	857	011C	00000000	00000	0054	FFFFFFFF	2	3	0	1	0	0	0	0	0	0	0	0	0	0	
858	858	011C	00000000	00000	0054	FFFFFFFF	2	3	0	1	0	0	0	0	0	0	0	0	0	0	
859	859	011C	00000000	00000	0054	FFFFFFFF	2	3	0	1	0	0	0	0	0	0	0	0	0	0	
860	860	011C	00000000	00000	0054	FFFFFFFF	2	3	0	1	0	0	0	0	0	0	0	0	0	0	
861	861	011C	00000000	00000	0054	FFFFFFFF	2	3	0	1	0	0	0	0	0	0	0	0	0	0	
862	862	011C	00000000	00000	0054	FFFFFFFF	2	3	0	1	0	0	0	0	0	0	0	0	0	0	
863	863	011C	00000000	00000	0054	FFFFFFFF	2	3	0	1	0	0	0	0	0	0	0	0	0	0	
864	864	011C	00000000	00000	0054	FFFFFFFF	2	3	0	1	0	0	0	0	0	0	0	0	0	0	
865	865	011C	00000000	00000	0054	FFFFFFFF	2	3	0	1	0	0	0	0	0	0	0	0	0	0	
866	866	011C	00000000	00000	0054	FFFFFFFF	2	3	0	1	0	0	0	0	0	0	0	0	0	0	
867	867	011C	00000000	00000	0054	FFFFFFFF	2	3	0	1	0	0	0	0	0	0	0	0	0	0	
868	868	011C	00000000	00000	0054	FFFFFFFF	2	3	0	1	0	0	0	0	0	0	0	0	0	0	
869	869	011C	00000000	00000	0054	FFFFFFFF	2	3	0	1	0	0	0	0	0	0	0	0	0	0	
870	870	011C	00000000	00000	0054	FFFFFFFF	2	3	0	1	0	0	0	0	0	0	0	0	0	0	
871	871	011C	00000000	00000	0054	FFFFFFFF	2	3	0	1	0	0	0	0	0	0	0	0	0	0	
872	872	011C	00000000	00000	0054	FFFFFFFF	2	3	0	1	0	0	0	0	0	0	0	0	0	0	
873	873	011C	00000000	00000	0054	FFFFFFFF	2	3	0	1	0	0	0	0	0	0	0	0	0	0	
874	874	011C	00000000	00000	0054	FFFFFFFF	2	3	0	1	0	0	0	0	0	0	0	0	0	0	
875	875	011C	00000000	00000	0054	FFFFFFFF	2	3	0	1	0	0	0	0	0	0	0	0	0	0	
876	876	011C	00000000	00000	0054	FFFFFFFF	2	3	0	1	0	0	0	0	0	0	0	0	0	0	
877	877	011C	00000000	00000	0054	FFFFFFFF	2	3	0	1	0	0	0	0	0	0	0	0	0	0	
878	878	011C	00000000	00000	0054	FFFFFFFF	2	3	0	1	0	0	0	0	0	0	0	0	0	0	
879	879	011C	00000000	00000	0054	FFFFFFFF	2	3	0	1	0	0	0	0	0	0	0	0	0	0	
880	880	011C	00000000	00000	0054	FFFFFFFF	2	3	0	1	0	0	0	0	0	0	0	0	0	0	
881	881	011C	00000000	00000	0054	FFFFFFFF	2	3	0	1	0	0	0	0	0	0	0	0	0	0	
882	882	011C	00000000	00000	0054	FFFFFFFF	2	3	0	1	0	0	0	0	0	0	0	0	0	0	
883	883	011C	00000000	00000	0054	FFFFFFFF	2	3	0	1	0	0	0	0	0	0	0	0	0	0	
884	884	011C	00000000	00000	0054	FFFFFFFF	2	3	0	1	0	0	0	0	0	0	0	0	0	0	
885	885	011C	00000000	00000	0054	FFFFFFFF	2	3	0	1	0	0	0	0	0	0	0	0	0	0	
886	886	011C	00000000	00000	0054	FFFFFFFF	2	3	0	1	0	0	0	0	0	0	0	0	0	0	
887	887	011C	00000000	00000	0054	FFFFFFFF	2	3	0	1	0	0	0	0	0	0	0	0	0	0	
888	888	011C	00000000	00000	0054	FFFFFFFF	2	3	0	1	0	0	0	0	0	0	0	0	0	0	
889	889	011C	00000000	00000	0054	FFFFFFFF	2	3	0	1	0	0	0	0	0	0	0	0	0	0	
890	890	011C	00000000	00000	0054	FFFFFFFF	2	3	0	1	0	0	0	0	0	0	0	0	0	0	
891	891	011C	00000000	00000	0054	FFFFFFFF	2	3	0	1	0	0	0	0	0	0	0	0	0	0	
892	892	011C	00000000	00000	0054	FFFFFFFF	2	3	0	1	0	0	0	0	0	0	0	0	0	0	
893	893	011C	00000000	00000	0054	FFFFFFFF	2	3	0	1	0	0	0	0	0	0	0	0	0	0	
894	894	011C	00000000	00000	0054	FFFFFFFF	2	3	0	1	0	0	0	0	0	0	0	0	0	0	
895	895	011C	00000000	00000	0054	FFFFFFFF	2	3	0	1	0	0	0	0	0	0	0	0	0	0	
896	896	011C	00000000	00000	0054	FFFFFFFF	2	3	0	1	0	0	0	0	0	0	0	0	0	0	
897	897	011C	00000000	00000	0054	FFFFFFFF	2	3	0	1	0	0	0	0	0	0	0	0	0	0	
898	898	011C	00000000	00000	0054	FFFFFFFF	2	3	0	1	0	0	0	0	0	0	0	0	0	0	
899	899	011C	00000000	00000	0054	FFFFFFFF	2	3	0	1	0	0	0	0	0	0	0	0	0	0	
900	900	011C	00000000	00000	0054	FFFFFFFF	2	3	0	1	0	0	0	0	0	0	0	0	0	0	
901	901	011C	00000000	00000	0054	FFFFFFFF	2	3	0	1	0	0	0	0	0	0	0	0	0	0	
902	902	011C	00000000	00000	0054	FFFFFFFF	2	3	0	1	0	0	0	0	0	0	0	0	0	0	
903	903	011C	00000000	00000	0054	FFFFFFFF	2	3	0	1	0	0	0	0	0	0	0	0	0	0	
904	904	011C	00000000	00000	0054	FFFFFFFF	2	3	0	1	0	0	0	0	0	0	0	0	0	0	
905	905	011C	00000000	00000	0054	FFFFFFFF	2	3	0	1	0	0	0	0	0	0	0	0	0	0	
906	906	011C	00000000	00000	0054	FFFFFFFF	2	3	0	1	0	0	0	0	0	0	0	0	0	0	
907	907	011C	00000000	00000	0054	FFFFFFFF	2	3	0	1	0	0	0	0	0	0	0	0	0	0	
908	908	011C	00000000	00000	0054	FFFFFFFF	2	3	0	1	0	0	0	0	0	0	0	0	0	0	
909	909	011C	00000000	00000	0054	FFFFFFFF	2	3	0	1	0	0	0	0	0	0	0	0	0	0	
910	910	011C	00000000	00000	0054	FFFFFFFF	2	3	0	1	0	0	0	0	0	0	0	0	0	0	
911	911	011C	00000000	00000	0054	FFFFFFFF	2	3	0	1	0	0	0	0	0	0	0	0	0	0	
912	912	011C	00000000	00000	0054	FFFFFFFF	2	3	0	1	0	0	0	0	0	0	0	0	0	0	
913	913	011C	00000000	00000	0054	FFFFFFFF	2	3	0	1	0	0	0	0	0	0	0	0	0	0	
914	914	011C	00000000	00000	0054	FFFFFFFF	2	3	0	1	0	0	0	0	0	0	0	0	0	0	
915	915	011C	00000000	00000	0054	FFFFFFFF	2	3	0	1	0	0	0	0	0	0	0	0	0	0	
916	916	011C	00000000	00000	0054	FFFFFFFF	2	3	0	1	0	0	0	0	0	0	0	0	0	0	
917	917	011C	00000000	00000	0054	FFFFFFFF	2	3	0	1	0	0	0	0	0	0	0	0	0	0	
918	918	011C	00000000	00000	0054	FFFFFFFF	2	3	0	1	0	0	0	0	0	0	0	0	0	0	
919	919	011C	00000000	00000	0054	FFFFFFFF	2	3	0	1	0	0	0	0	0	0	0	0	0	0	
920	920	011C	00000000	00000	0054	FFFFFFFF	2	3	0	1	0	0	0	0	0	0	0	0	0	0	
921	921	011C	00000000	00000	0054	FFFFFFFF	2	3	0	1	0	0	0	0	0	0	0	0	0	0	
922	922	011C	00000000	00000	0054	FFFFFFFF	2	3	0	1	0	0	0	0	0	0	0	0	0	0	
923	923	011C	00000000	00000	0054	FFFFFFFF	2	3	0	1	0	0	0	0	0	0	0	0	0	0	
924	924	011C	00000000	00000	0054	FFFFFFFF	2	3	0	1	0	0	0	0	0	0	0	0	0	0	
925	925	011C	00000000	00000	0054	FFFFFFFF	2	3	0	1	0	0	0	0	0	0	0	0	0	0	
926	926	011C	00000000	00000	0054	FFFFFFFF	2	3	0	1	0	0	0	0	0	0	0	0	0	0	
927	927	011C	00000000	00000	0054	FFFFFFFF	2	3	0	1	0	0	0	0	0	0	0	0	0	0	
928	928	011C	00000000	00000	0054	FFFFFFFF	2	3	0	1	0	0	0	0	0	0	0	0	0	0	
929	929	011C	00000000	00000	0054	FFFFFFFF	2	3	0	1	0	0	0	0	0	0	0	0	0	0	
930	930	011C	00000000	00000	0054	FFFFFFFF	2	3	0	1	0	0	0	0	0	0	0	0	0	0	
931	931	011C	00000000	00000	0054	FFFFFFFF	2	3	0	1	0	0	0	0	0	0	0	0	0	0	
932	932	011C	00000000	00000	0054	FFFFFFFF	2	3	0	1	0	0	0	0	0	0	0	0	0	0	
933	933	011C	00000000	00000	0054	FFFFFFFF	2	3	0	1	0	0	0	0	0	0	0	0	0	0	
934	934	011C	00000000	00000	0054	FFFFFFFF	2	3	0	1	0	0	0	0	0	0	0	0	0	0	
935	935	011C	00000000	00000	0054	FFFFFFFF	2	3	0	1	0	0	0	0	0	0	0	0	0	0	
936	936	011C	00000000	00000	0054	FFFFFFFF	2	3	0	1	0	0	0	0	0	0	0	0	0	0	
937	937	011C	00000000	00000	0054	FFFFFFFF	2	3	0	1	0	0	0	0	0	0	0	0	0	0	
938	938	011C	00000000	00000	0054	FFFFFFFF	2	3	0	1	0	0	0	0	0	0	0	0	0	0	
939	939	011C	00000000	00000	0054	FFFFFFFF	2	3	0	1	0	0	0	0	0	0	0	0	0	0	
940	940	011C	00000000	00000	0054	FFFFFFFF	2	3	0	1	0	0	0	0	0	0	0	0	0	0	
941	941	011C	00000000	00000	0054	FFFFFFFF	2	3	0	1	0	0	0	0	0	0	0	0	0	0	
942	942	011C	00000000	00000	0054	FFFFFFFF	2	3	0	1	0	0	0	0	0	0	0	0	0	0	
943	943	011C	00000000	00000	0054	FFFFFFFF	2	3	0	1	0	0	0	0	0	0	0	0	0	0	
944	944	011C	00000000	00000	0054	FFFFFFFF	2	3	0	1	0	0	0	0	0	0	0	0	0	0	
945	945	011C	00000000	00000	0054	FFFFFFFF	2	3	0	1	0	0	0	0	0	0	0	0	0	0	
946	946	011C	00000000	00000	0054	FFFFFFFF	2	3	0	1	0	0	0	0	0	0	0	0	0	0	
947	947	011C	00000000	00000	0054	FFFFFFFF	2	3	0	1	0	0	0	0	0	0	0	0	0	0	
948	948	011C	00000000	00000	0054	FFFFFFFF	2	3	0	1	0	0	0	0	0	0	0	0	0	0	
949	949	011C	00000000	00000	0054	FFFFFFFF	2	3	0	1	0	0	0	0	0	0	0	0	0	0	
950	950	011C	00000000	00000	0054	FFFFFFFF	2	3	0	1	0	0	0	0	0	0	0	0	0	0	
951	951	011C	00000000	00000	0054	FFFFFFFF	2	3	0	1	0	0	0	0	0	0	0	0	0	0	
952	952	011C	00000000	00000	0054	FFFFFFFF	2	3	0	1	0	0	0	0	0	0	0	0	0	0	
953	953	011C	00000000	00000	0054	FFFFFFFF	2	3	0	1	0	0	0	0	0	0	0	0	0	0	
954	954	011C	00000000	00000	0054	FFFFFFFF	2	3	0	1	0	0	0	0	0	0	0	0	0	0	
955	955	011C	00000000	00000	0054	FFFFFFFF	2	3	0	1	0	0	0	0	0	0	0	0	0	0	
956	956	011C	00000000	00000	0054	FFFFFFFF	2	3	0	1	0	0	0	0	0	0	0	0	0	0	
957	957	011C	00000000	00000	0054	FFFFFFFF	2	3	0	1	0	0	0	0	0	0	0	0	0	0	
958	958	011C	00000000	00000	0054	FFFFFFFF	2	3	0	1	0	0	0	0	0	0	0	0	0	0	
959	959	011C	00000000	00000	0054	FFFFFFFF	2	3	0	1	0	0	0	0	0	0	0	0	0	0	
960	960	011C	00000000	00000	0054	FFFFFFFF	2	3	0	1	0	0	0	0	0	0	0	0	0	0	
961	961	011C	00000000	00000	0054	FFFFFFFF	2	3	0	1	0	0	0	0	0	0	0	0	0	0	
962	962	011C	00000000	00000	0054	FFFFFFFF	2	3	0	1	0	0	0	0	0	0	0	0	0	0	
963	963	011C	00000000	00000	0054	FFFFFFFF	2	3	0	1	0	0	0	0	0	0	0	0	0	0	
964	964	011C	00000000	00000	0054	FFFFFFFF	2	3	0	1	0	0	0	0	0	0	0	0	0	0	
965	965	011C	00000000	00000	0054	FFFFFFFF	2	3	0	1	0	0	0	0	0	0	0	0	0	0	
966	966	011C	00000000	00000	0054	FFFFFFFF	2	3	0	1	0	0	0	0	0	0	0	0	0	0	
967	967	011C	00000000	00000	0054	FFFFFFFF	2	3	0	1	0	0	0	0	0	0	0	0	0	0	
968	968	011C	00000000	00000	0054	FFFFFFFF	2	3	0	1	0	0	0	0	0	0	0	0	0	0	
969	969	011C	00000000	00000	0054	FFFFFFFF	2	3	0	1	0	0	0	0	0	0	0	0	0	0	
970	970	011C	00000000	00000	0054	FFFFFFFF	2	3	0	1	0	0	0	0	0	0	0	0	0	0	
971	971	011C	00000000	00000	0054	FFFFFFFF	2	3	0	1	0	0	0	0	0	0	0	0	0	0	
972	972	011C	00000000	00000	0054	FFFFFFFF	2	3	0	1	0	0	0	0	0	0	0	0	0	0	
973	973	011C	00000000	00000	0054	FFFFFFFF	2	3	0	1	0	0	0	0	0	0	0	0	0	0	
974	974	011C	00000000	00000	0054	FFFFFFFF	2	3	0	1	0	0	0	0	0	0	0	0	0	0	
975	975	011C	00000000	00000	0054	FFFFFFFF	2	3	0	1	0	0	0	0	0	0	0	0	0	0	
976	976	011C	00000000	00000	0054	FFFFFFFF	2	3	0	1	0	0	0	0	0	0	0	0	0	0	
977	977	011C	00000000	00000	0054	FFFFFFFF	2	3	0	1	0	0	0	0	0	0	0	0	0	0	
978	978	011C	00000000	00000	0054	FFFFFFFF	2	3	0	1	0	0	0	0	0	0	0	0	0	0	
979	979	011C	00000000	00000	0054	FFFFFFFF	2	3	0	1	0	0	0	0	0	0	0	0	0	0	
980	980	011C	00000000	00000	0054	FFFFFFFF	2	3	0	1	0	0	0	0	0	0	0	0	0	0	
981	981	011C	00000000	00000	0054	FFFFFFFF	2	3	0	1	0	0	0	0	0	0	0	0	0	0	
982	982	011C	00000000	00000	0054	FFFFFFFF	2	3	0	1	0	0	0	0	0	0	0	0	0	0	
983	983	011C	00000000	00000	0054	FFFFFFFF	2	3	0	1	0	0	0	0	0	0	0	0	0	0	
984	984	011C	00000000	00000	0054	FFFFFFFF	2	3	0	1	0	0	0	0	0	0	0	0	0	0	
985	985	011C	00000000	00000	0054	FFFFFFFF	2	3	0	1	0	0	0	0	0	0	0	0	0	0	
986	986	011C	00000000	00000	0054	FFFFFFFF	2	3	0	1	0	0	0	0	0	0	0	0	0	0	
987	987	011C	00000000	00000	0054	FFFFFFFF	2	3	0	1	0	0	0	0	0	0	0	0	0	0	
988	988	011C	00000000	00000	0054	FFFFFFFF	2	3	0	1	0	0	0	0	0	0	0	0	0	0	
989	989	011C	00000000	00000	0054	FFFFFFFF	2	3	0	1	0	0	0	0	0	0	0	0	0	0	
990	990	011C	00000000	00000	0054	FFFFFFFF	2	3	0	1	0	0	0	0	0	0	0	0	0	0	
991	991	011C	00000000	00000	0054	FFFFFFFF	2	3	0	1	0	0	0	0	0	0	0	0	0	0	
992	992	011C	00000000	00000	0054	FFFFFFFF	2	3	0	1	0	0	0	0	0	0	0	0	0	0	
993	993	011C	00000000	00000	0054	FFFFFFFF	2	3	0	1	0	0	0	0	0	0	0	0	0	0	
994	994	011C	00000000	00000	0054	FFFFFFFF	2	3	0	1	0	0	0	0	0	0	0	0	0	0	
995	995	011C	00000000	00000	0054	FFFFFFFF	2	3	0	1	0	0	0	0	0	0	0	0	0	0	
996	996	011C	00000000	00000	0054	FFFFFFFF	2	3	0	1	0	0	0	0	0	0	0	0	0	0	
997	997	011C	00000000	00000	0054	FFFFFFFF	2	3	0	1	0	0	0	0	0	0	0	0	0	0	
998	998	011C	00000000	00000	0054	FFFFFFFF	2	3	0	1	0	0	0	0	0	0	0	0	0	0	
999	999	011C	00000000	00000	0054	FFFFFFFF	2	3	0	1	0	0	0	0	0	0	0	0	0	0	
1000	1000	011C	00000000	00000	0054	FFFFFFFF	2	3	0	1	0	0	0	0	0	0	0	0	0	0	
1001	1001	011C	00000000	00000	0054	FFFFFFFF	2	3	0	1	0	0	0	0	0	0	0	0	0	0	
1002	1002	011C	00000000	00000	0054	FFFFFFFF	2	3	0	1	0	0	0	0	0	0	0	0	0	0	
1003	1003	011C	00000000	00000	0054	FFFFFFFF	2	3	0	1	0	0	0	0	0	0	0	0	0	0	
1004	1004	011C	00000000	00000	0054	FFFFFFFF	2	3	0	1	0	0	0	0	0	0	0	0	0	0	
1005	1005	011C	00000000	00000	0054	FFFFFFFF	2	3	0	1	0	0	0	0	0	0	0	0	0	0	
1006	1006	011C	00000000	00000	0054	FFFFFFFF	2	3	0	1	0	0	0	0	0	0	0	0	0	0	
1007	1007	011C	00000000	00000	0054	FFFFFFFF	2	3	0	1	0	0	0	0	0	0	0	0	0	0	
1008	1008	011C	00000000	00000	0054	FFFFFFFF	2	3	0	1	0	0	0	0	0	0	0	0	0	0	
1009	1009	011C	00000000	00000	0054	FFFFFFFF	2	3	0	1	0	0	0	0	0	0	0	0	0	0	
1010	1010	011C	00000000	00000	0054	FFFFFFFF	2	3	0	1	0	0	0	0	0	0	0	0	0	0	
1011	1011	011C	00000000	00000	0054	FFFFFFFF	2	3	0	1	0	0	0	0	0	0	0	0	0	0	
1012	1012	011C	00000000	00000	0054	FFFFFFFF	2	3	0	1	0	0	0	0	0	0	0	0	0	0	
1013	1013	011C	00000000	00000	0054	FFFFFFFF	2	3	0	1	0	0	0	0	0	0	0	0	0	0	
1014	1014	011C	00000000	00000	0054	FFFFFFFF	2	3	0	1	0	0	0	0	0	0	0	0	0	0	
1015	1015	011C	00000000	00000	0054	FFFFFFFF	2	3	0	1	0	0	0	0	0	0	0	0	0	0	
1016	1016	011C	00000000	00000	0054	FFFFFFFF	2	3	0	1	0	0	0	0	0	0	0	0	0	0	
1017	1017	011C	00000000	00000	0054	FFFFFFFF	2	3	0	1	0	0	0	0	0	0	0	0	0	0	
1018	1018	011C	00000000	00000	0054	FFFFFFFF	2	3	0	1	0	0	0	0	0	0	0	0	0	0	
1019	1019	011C	00000000	00000	0054	FFFFFFFF	2	3	0	1	0	0	0	0	0	0	0	0	0	0	
1020	1020	011C	00000000	00000	0054	FFFFFFFF	2	3	0	1	0	0	0	0	0	0	0	0	0	0	
1021	1021	011C	00000000	00000	0054	FFFFFFFF	2	3	0	1	0	0	0	0	0	0	0	0	0	0	
1022	1022	011C	00000000	00000	0054	FFFFFFFF	2	3	0	1	0	0	0	0	0	0	0	0	0	0	
1023	1023	011C	00000000	00000	0054	FFFFFFFF	2	3	0	1	0	0	0	0	0	0	0	0	0	0	
